0 0 
1 16 
2 18 
3 18 
12 12 
16 12 
16 11 
18 9 
20 12 
20 4 
21 12 
23 7 
23 18 
25 8 
27 18 
30 17 
32 25 
33 14 
37 10 
38 0 
39 11 
39 13 
40 15 
41 6 
42 12 
43 6 
47 10 
47 9 
53 9 
56 18 
57 18 
57 8 
58 18 
59 3 
61 6 
65 27 
66 14 
68 16 
71 20 
72 25 
72 14 
75 16 
78 19 
80 21 
82 9 
84 6 
85 13 
88 11 
93 14 
93 11 
98 18 
98 18 
101 16 
106 6 
106 -2 
106 16 
106 13 
106 12 
113 13 
113 7 
114 11 
114 18 
114 9 
115 10 
118 13 
118 10 
118 22 
119 12 
119 12 
120 14 
121 22 
122 18 
124 11 
125 18 
129 10 
131 7 
132 6 
132 23 
135 9 
138 7 
139 5 
139 18 
141 12 
145 -2 
148 3 
148 9 
150 8 
151 13 
160 20 
161 12 
164 16 
165 9 
168 11 
168 9 
169 11 
169 5 
170 -1 
171 4 
172 6 
173 15 
174 11 
176 2 
179 14 
180 8 
183 14 
188 16 
189 9 
189 16 
189 16 
189 5 
191 4 
194 21 
195 15 
195 19 
195 6 
196 8 
200 20 
201 17 
202 5 
205 6 
205 22 
208 9 
214 26 
215 0 
219 -1 
219 13 
219 6 
225 24 
227 2 
227 18 
227 18 
228 16 
231 16 
232 8 
234 9 
236 10 
238 18 
248 4 
250 18 
250 15 
254 18 
255 17 
257 18 
258 22 
259 0 
259 17 
259 10 
263 16 
264 8 
265 0 
267 14 
268 3 
268 12 
268 14 
270 24 
271 18 
274 15 
277 17 
280 12 
282 9 
291 8 
293 8 
293 15 
293 14 
297 19 
299 9 
301 12 
302 8 
308 18 
311 1 
314 15 
318 2 
319 6 
320 8 
322 12 
324 10 
326 6 
326 10 
330 21 
332 15 
333 22 
334 13 
335 15 
337 10 
337 7 
338 10 
341 15 
342 11 
345 18 
348 17 
350 13 
350 16 
351 14 
351 5 
353 11 
353 12 
355 6 
361 15 
361 14 
364 10 
365 9 
367 14 
369 14 
369 20 
371 16 
373 11 
377 14 
377 12 
378 5 
379 17 
380 11 
382 10 
384 16 
386 9 
391 9 
394 17 
399 11 
400 11 
401 14 
402 8 
402 10 
403 20 
406 9 
406 12 
414 13 
415 15 
417 12 
418 13 
420 7 
421 15 
422 6 
424 11 
431 16 
431 16 
431 10 
433 9 
434 8 
435 7 
437 10 
437 15 
439 9 
440 -2 
440 15 
440 9 
443 8 
449 19 
454 5 
459 19 
460 20 
460 19 
463 10 
465 5 
468 8 
476 21 
476 21 
476 16 
476 -2 
483 22 
484 8 
485 16 
485 11 
486 12 
487 6 
489 19 
491 16 
495 22 
496 20 
497 21 
497 10 
498 19 
502 7 
502 2 
504 17 
505 13 
506 9 
508 9 
520 11 
520 24 
523 10 
523 12 
527 15 
528 4 
534 11 
535 20 
537 20 
538 5 
540 20 
540 10 
542 10 
548 15 
552 7 
555 6 
557 15 
559 14 
561 9 
564 4 
565 -2 
565 4 
570 11 
573 9 
576 14 
578 14 
582 8 
586 12 
586 11 
588 13 
588 8 
589 23 
591 18 
595 16 
597 21 
597 8 
598 7 
598 14 
599 9 
600 9 
601 14 
602 12 
604 9 
605 11 
606 11 
607 16 
616 14 
617 11 
617 12 
618 2 
624 14 
626 7 
632 7 
635 8 
635 5 
636 17 
637 17 
638 7 
639 6 
640 12 
647 17 
647 -1 
648 15 
651 11 
652 17 
656 3 
665 13 
666 -2 
666 21 
669 7 
674 19 
675 11 
677 14 
677 10 
680 10 
681 7 
683 14 
683 7 
686 13 
688 18 
691 8 
692 14 
693 11 
698 13 
700 14 
700 12 
700 15 
704 23 
705 7 
708 2 
708 12 
712 6 
712 10 
713 13 
713 9 
718 12 
719 16 
721 12 
722 3 
722 15 
725 20 
726 12 
731 14 
731 4 
732 11 
734 5 
735 5 
741 18 
742 17 
744 6 
746 11 
747 7 
748 2 
748 7 
750 6 
751 7 
752 3 
752 16 
755 13 
759 9 
760 1 
761 7 
763 14 
763 4 
764 17 
769 15 
770 16 
773 10 
778 10 
788 14 
788 11 
789 12 
790 15 
800 1 
800 11 
801 21 
802 8 
803 9 
805 13 
807 0 
808 6 
813 13 
815 14 
816 14 
818 5 
833 7 
838 15 
838 21 
839 0 
841 11 
842 6 
845 25 
847 18 
848 22 
851 6 
851 14 
858 4 
860 23 
866 6 
867 14 
872 14 
873 19 
873 14 
877 7 
879 3 
879 10 
883 10 
886 13 
891 5 
895 21 
899 6 
900 10 
900 10 
900 12 
902 8 
903 10 
904 7 
905 12 
906 15 
909 1 
913 11 
914 11 
916 8 
917 4 
917 20 
921 12 
925 20 
926 9 
929 2 
931 6 
932 9 
938 16 
941 9 
943 11 
943 9 
944 15 
946 16 
951 11 
951 23 
951 8 
952 7 
953 19 
953 8 
954 3 
955 6 
964 18 
967 14 
968 8 
971 16 
972 6 
973 11 
973 15 
974 14 
975 13 
975 12 
979 20 
980 15 
990 21 
990 12 
991 -1 
991 11 
992 7 
992 14 
993 19 
994 5 
994 8 
999 15 
1001 5 
1003 7 
1005 6 
1006 7 
1008 16 
1011 15 
1011 18 
1012 12 
1013 20 
1014 7 
1014 11 
1015 14 
1018 16 
1018 17 
1020 6 
1020 16 
1020 8 
1022 22 
1026 6 
1027 18 
1028 18 
1032 16 
1033 10 
1043 9 
1044 1 
1045 22 
1046 9 
1046 15 
1049 10 
1052 9 
1053 15 
1056 18 
1056 14 
1058 10 
1061 15 
1062 10 
1065 16 
1069 13 
1071 10 
1073 10 
1074 3 
1075 19 
1077 24 
1078 14 
1084 10 
1085 7 
1086 11 
1086 12 
1086 15 
1088 11 
1089 19 
1091 11 
1098 12 
1105 16 
1107 13 
1107 12 
1110 3 
1113 5 
1113 14 
1114 18 
1115 21 
1121 13 
1121 2 
1122 14 
1124 13 
1124 12 
1129 10 
1132 19 
1135 20 
1140 16 
1149 1 
1153 8 
1154 17 
1155 15 
1156 5 
1159 11 
1159 21 
1159 0 
1164 15 
1164 9 
1168 17 
1173 3 
1176 2 
1183 8 
1183 12 
1185 19 
1185 10 
1187 16 
1188 8 
1192 11 
1192 3 
1198 11 
1203 13 
1207 22 
1209 9 
1210 7 
1211 22 
1217 10 
1219 14 
1227 9 
1227 1 
1230 12 
1230 17 
1237 12 
1238 -1 
1247 5 
1248 9 
1249 14 
1254 7 
1256 21 
1264 16 
1265 14 
1265 19 
1267 13 
1273 17 
1273 5 
1274 1 
1281 10 
1284 9 
1286 7 
1287 16 
1288 15 
1289 17 
1290 14 
1291 13 
1292 19 
1293 15 
1295 11 
1295 9 
1300 18 
1301 14 
1301 0 
1303 4 
1304 16 
1306 9 
1307 13 
1310 21 
1315 6 
1317 3 
1320 19 
1323 10 
1328 19 
1330 12 
1330 2 
1331 10 
1336 4 
1338 21 
1341 15 
1342 13 
1344 14 
1345 10 
1348 13 
1349 10 
1350 12 
1350 13 
1351 20 
1352 22 
1353 9 
1355 15 
1358 12 
1358 18 
1360 12 
1361 16 
1362 11 
1362 6 
1363 24 
1364 12 
1364 14 
1367 11 
1369 16 
1372 5 
1374 3 
1374 20 
1374 17 
1382 20 
1385 19 
1388 17 
1390 8 
1395 13 
1397 18 
1397 15 
1397 23 
1397 15 
1400 7 
1400 5 
1408 8 
1410 -2 
1411 12 
1415 27 
1415 9 
1416 5 
1417 11 
1418 6 
1420 9 
1422 15 
1428 19 
1430 8 
1430 16 
1431 17 
1431 -2 
1435 14 
1436 10 
1439 9 
1441 4 
1443 11 
1448 9 
1455 20 
1458 6 
1458 23 
1458 0 
1464 16 
1465 5 
1465 15 
1466 12 
1471 27 
1472 13 
1476 10 
1477 12 
1479 21 
1479 19 
1480 6 
1482 13 
1486 19 
1486 16 
1488 11 
1490 18 
1493 14 
1493 21 
1494 24 
1495 10 
1496 16 
1499 12 
1500 23 
1500 14 
1500 10 
1502 17 
1503 15 
1503 13 
1508 10 
1511 6 
1512 3 
1520 8 
1521 16 
1523 11 
1527 20 
1527 13 
1534 8 
1535 11 
1538 26 
1539 7 
1539 12 
1539 16 
1540 17 
1540 13 
1543 7 
1544 6 
1552 6 
1556 7 
1558 7 
1558 5 
1559 16 
1560 18 
1560 12 
1562 9 
1562 13 
1564 8 
1565 19 
1568 20 
1574 11 
1575 9 
1575 21 
1576 9 
1576 18 
1577 12 
1577 13 
1578 8 
1578 15 
1579 0 
1579 7 
1580 24 
1583 10 
1585 10 
1588 13 
1589 1 
1591 11 
1593 22 
1597 9 
1600 13 
1600 13 
1603 12 
1608 16 
1609 14 
1612 7 
1618 11 
1618 3 
1619 10 
1623 4 
1626 14 
1632 12 
1636 9 
1637 2 
1642 4 
1643 9 
1643 19 
1644 16 
1646 7 
1647 7 
1650 10 
1650 13 
1652 11 
1654 28 
1654 18 
1655 12 
1658 8 
1658 2 
1659 4 
1659 15 
1661 -2 
1662 25 
1665 22 
1667 4 
1667 9 
1667 4 
1670 8 
1675 14 
1680 12 
1680 12 
1682 11 
1684 16 
1686 12 
1688 20 
1689 16 
1693 13 
1695 18 
1696 16 
1696 18 
1697 13 
1699 3 
1700 5 
1701 20 
1701 16 
1704 1 
1707 10 
1708 10 
1708 19 
1708 12 
1712 16 
1717 4 
1721 16 
1722 20 
1723 24 
1726 8 
1728 11 
1731 14 
1732 5 
1734 6 
1738 12 
1738 5 
1740 8 
1746 3 
1746 7 
1751 14 
1762 19 
1763 4 
1763 13 
1770 17 
1771 7 
1771 3 
1771 13 
1773 14 
1774 16 
1778 11 
1780 20 
1780 9 
1783 7 
1784 10 
1784 12 
1785 13 
1785 11 
1787 21 
1788 8 
1789 17 
1808 13 
1810 11 
1822 6 
1823 16 
1825 12 
1827 6 
1828 11 
1829 17 
1830 17 
1831 18 
1831 10 
1836 25 
1840 5 
1847 13 
1849 1 
1849 13 
1852 9 
1857 20 
1859 17 
1860 7 
1861 19 
1861 3 
1862 3 
1862 10 
1863 -1 
1863 13 
1867 23 
1867 11 
1871 3 
1871 10 
1874 1 
1875 19 
1882 14 
1885 23 
1886 10 
1886 10 
1887 7 
1888 13 
1890 9 
1891 8 
1895 1 
1896 13 
1901 10 
1902 9 
1902 5 
1908 6 
1908 13 
1911 15 
1915 14 
1915 21 
1916 13 
1918 11 
1918 3 
1919 8 
1920 9 
1923 14 
1924 13 
1926 12 
1929 4 
1930 9 
1930 26 
1934 18 
1935 9 
1936 21 
1936 10 
1939 15 
1943 10 
1949 11 
1951 11 
1953 4 
1957 7 
1958 10 
1960 11 
1961 18 
1967 13 
1970 16 
1975 5 
1975 4 
1979 5 
1980 11 
1981 8 
1983 4 
1984 17 
1986 8 
1988 5 
1989 16 
1990 4 
1991 16 
1997 1 
1997 10 
1998 5 
1999 13 
2003 -4 
2003 19 
2009 15 
2015 2 
2015 7 
2017 20 
2018 16 
2019 8 
2020 5 
2022 18 
2023 8 
2024 9 
2027 7 
2028 12 
2029 17 
2029 17 
2029 7 
2030 6 
2032 7 
2032 19 
2033 25 
2034 9 
2035 14 
2035 5 
2036 18 
2040 14 
2041 22 
2042 10 
2048 20 
2052 8 
2053 10 
2053 9 
2054 12 
2056 8 
2061 14 
2064 21 
2065 11 
2065 7 
2065 13 
2073 21 
2075 3 
2076 20 
2078 24 
2081 17 
2083 2 
2084 11 
2085 5 
2088 18 
2090 23 
2090 8 
2091 2 
2093 9 
2094 14 
2097 24 
2097 23 
2105 13 
2106 10 
2106 10 
2106 13 
2110 15 
2113 5 
2113 15 
2121 7 
2129 3 
2130 2 
2133 7 
2148 16 
2148 1 
2151 16 
2151 5 
2154 13 
2160 11 
2160 10 
2161 10 
2164 7 
2164 15 
2170 0 
2173 14 
2173 3 
2173 22 
2174 10 
2174 12 
2178 21 
2179 11 
2181 15 
2183 9 
2191 13 
2192 3 
2192 26 
2193 11 
2195 11 
2199 15 
2206 6 
2210 15 
2211 14 
2211 10 
2212 14 
2215 8 
2218 10 
2218 20 
2218 3 
2219 7 
2220 3 
2222 17 
2223 20 
2224 10 
2229 17 
2233 14 
2236 5 
2241 1 
2242 1 
2247 16 
2249 14 
2249 11 
2253 11 
2253 8 
2254 9 
2254 17 
2259 9 
2262 3 
2267 4 
2267 9 
2271 8 
2273 6 
2274 17 
2280 17 
2284 14 
2286 8 
2287 1 
2290 21 
2293 12 
2295 19 
2295 12 
2295 4 
2295 21 
2295 4 
2296 11 
2301 20 
2303 2 
2303 14 
2305 17 
2306 14 
2306 15 
2310 6 
2312 10 
2314 7 
2315 14 
2316 11 
2317 6 
2317 16 
2318 11 
2320 13 
2322 9 
2324 9 
2327 17 
2331 10 
2334 19 
2337 19 
2338 9 
2339 10 
2340 6 
2340 14 
2341 10 
2341 13 
2341 13 
2343 11 
2349 14 
2350 15 
2350 16 
2350 10 
2351 23 
2352 6 
2361 9 
2361 10 
2362 17 
2363 20 
2365 10 
2366 18 
2371 14 
2372 9 
2379 2 
2379 13 
2380 8 
2380 10 
2382 10 
2387 5 
2391 15 
2393 1 
2397 5 
2403 14 
2403 13 
2406 2 
2409 -1 
2410 9 
2415 13 
2418 15 
2421 4 
2423 13 
2424 6 
2425 19 
2427 10 
2429 1 
2431 15 
2438 17 
2443 10 
2444 11 
2445 16 
2447 8 
2448 13 
2449 19 
2453 11 
2454 8 
2455 14 
2457 8 
2460 14 
2467 1 
2469 19 
2471 22 
2474 12 
2474 14 
2478 11 
2480 18 
2481 13 
2482 10 
2483 11 
2485 18 
2488 9 
2489 25 
2489 5 
2490 6 
2495 7 
2499 11 
2500 2 
2501 20 
2503 15 
2505 16 
2505 17 
2506 19 
2508 2 
2511 15 
2514 2 
2515 10 
2516 0 
2520 5 
2524 11 
2528 8 
2528 14 
2529 16 
2533 11 
2541 15 
2541 5 
2546 21 
2549 19 
2550 9 
2552 6 
2555 22 
2562 9 
2564 6 
2564 0 
2567 18 
2567 2 
2570 18 
2570 8 
2573 5 
2574 4 
2584 1 
2585 16 
2586 4 
2586 22 
2586 10 
2588 15 
2590 5 
2591 12 
2592 16 
2592 16 
2592 12 
2593 17 
2593 12 
2594 3 
2595 -4 
2596 14 
2599 13 
2601 1 
2604 11 
2606 7 
2607 12 
2609 9 
2610 13 
2610 22 
2611 8 
2612 3 
2620 12 
2621 11 
2621 10 
2623 16 
2624 4 
2624 12 
2625 6 
2625 8 
2628 14 
2628 23 
2629 8 
2629 16 
2633 10 
2633 7 
2637 16 
2640 16 
2640 11 
2641 2 
2646 10 
2646 17 
2646 14 
2648 6 
2649 12 
2650 18 
2651 8 
2652 17 
2656 5 
2657 15 
2659 16 
2661 14 
2661 9 
2662 27 
2662 11 
2666 15 
2667 10 
2670 12 
2670 13 
2671 9 
2674 14 
2675 9 
2676 17 
2677 9 
2679 16 
2679 7 
2679 9 
2681 10 
2685 14 
2685 7 
2685 21 
2686 12 
2691 6 
2695 12 
2698 7 
2699 12 
2700 16 
2701 14 
2701 22 
2702 12 
2702 11 
2704 10 
2705 11 
2705 -6 
2707 22 
2709 15 
2710 16 
2710 21 
2715 13 
2718 15 
2719 15 
2725 11 
2725 4 
2729 13 
2734 6 
2735 16 
2737 11 
2737 2 
2737 7 
2738 12 
2740 7 
2742 11 
2744 14 
2750 15 
2750 14 
2751 12 
2752 18 
2755 21 
2757 -1 
2758 8 
2759 7 
2760 21 
2762 19 
2762 5 
2762 12 
2773 2 
2774 8 
2782 14 
2796 9 
2804 21 
2804 15 
2806 5 
2810 13 
2813 14 
2815 9 
2821 12 
2823 9 
2823 14 
2827 13 
2829 13 
2832 12 
2832 14 
2835 24 
2836 10 
2837 7 
2837 4 
2839 8 
2842 8 
2843 13 
2846 13 
2848 10 
2851 9 
2851 18 
2855 17 
2859 15 
2860 14 
2862 17 
2863 12 
2865 20 
2867 13 
2868 7 
2870 13 
2872 12 
2873 6 
2877 8 
2879 0 
2883 2 
2892 12 
2893 12 
2897 7 
2898 9 
2903 8 
2904 19 
2910 9 
2911 8 
2912 0 
2913 8 
2917 3 
2919 15 
2924 15 
2926 17 
2926 8 
2927 16 
2936 6 
2937 20 
2938 8 
2941 19 
2946 7 
2947 18 
2951 1 
2952 15 
2953 10 
2956 3 
2964 14 
2974 15 
2986 22 
2999 12 
3002 17 
3004 22 
3005 13 
3005 16 
3006 6 
3007 18 
3007 15 
3012 4 
3016 12 
3020 15 
3022 18 
3022 7 
3022 14 
3022 10 
3023 8 
3029 2 
3031 8 
3032 8 
3034 23 
3034 9 
3035 17 
3041 3 
3043 5 
3044 15 
3047 12 
3048 8 
3061 14 
3064 2 
3065 7 
3075 18 
3094 12 
3095 8 
3110 18 
3116 11 
3117 16 
3122 1 
3125 29 
3137 20 
3138 14 
3140 11 
3142 8 
3143 21 
3144 21 
3152 -1 
3152 7 
3155 3 
3159 20 
3160 21 
3161 13 
3162 17 
3166 16 
3168 16 
3171 10 
3171 8 
3171 12 
3173 9 
3175 14 
3179 19 
3179 23 
3182 15 
3182 17 
3188 24 
3192 16 
3194 3 
3195 14 
3196 17 
3199 11 
3204 19 
3206 20 
3210 21 
3211 15 
3212 7 
3212 22 
3214 27 
3215 12 
3215 10 
3216 10 
3216 4 
3217 10 
3217 17 
3224 2 
3230 19 
3233 16 
3240 7 
3243 6 
3245 15 
3249 13 
3251 3 
3251 5 
3253 11 
3259 11 
3263 11 
3266 2 
3276 24 
3279 17 
3281 18 
3282 18 
3282 18 
3284 18 
3285 6 
3287 12 
3288 12 
3288 20 
3288 19 
3290 6 
3290 2 
3292 14 
3293 22 
3296 7 
3299 10 
3310 20 
3312 13 
3313 11 
3318 11 
3329 10 
3334 19 
3335 16 
3335 14 
3336 14 
3338 4 
3339 23 
3339 3 
3340 12 
3340 19 
3344 9 
3347 9 
3347 9 
3357 10 
3359 10 
3372 15 
3377 9 
3380 15 
3388 16 
3390 10 
3392 14 
3394 13 
3396 13 
3396 7 
3404 10 
3404 9 
3406 11 
3407 8 
3409 1 
3414 7 
3415 9 
3425 19 
3426 18 
3430 18 
3438 9 
3446 21 
3448 19 
3454 15 
3464 17 
3467 5 
3467 3 
3467 21 
3470 14 
3472 9 
3480 13 
3482 5 
3484 18 
3503 20 
3509 1 
3509 0 
3517 10 
3519 8 
3520 18 
3521 19 
3523 11 
3531 15 
3535 16 
3536 18 
3539 15 
3540 17 
3544 11 
3551 14 
3557 20 
3557 4 
3559 10 
3560 13 
3561 20 
3565 3 
3565 9 
3570 16 
3576 5 
3576 19 
3577 13 
3577 16 
3578 14 
3584 6 
3586 18 
3589 16 
3590 10 
3592 11 
3596 21 
3604 19 
3617 10 
3625 15 
3627 20 
3627 11 
3627 14 
3632 17 
3636 1 
3639 13 
3647 22 
3649 6 
3651 10 
3659 20 
3665 12 
3666 5 
3666 15 
3668 12 
3669 20 
3672 8 
3675 16 
3676 7 
3678 6 
3683 9 
3687 11 
3690 10 
3697 17 
3698 23 
3700 7 
3700 9 
3704 12 
3709 5 
3712 18 
3713 5 
3714 14 
3714 20 
3716 9 
3716 7 
3717 19 
3719 15 
3719 19 
3727 26 
3728 3 
3729 17 
3730 13 
3740 14 
3741 17 
3742 16 
3744 13 
3746 16 
3754 8 
3759 -1 
3760 12 
3763 1 
3764 6 
3764 15 
3766 12 
3767 10 
3773 8 
3775 9 
3778 14 
3780 19 
3781 7 
3790 10 
3790 10 
3801 11 
3802 12 
3803 16 
3805 6 
3805 1 
3815 15 
3824 6 
3826 12 
3828 6 
3828 23 
3829 4 
3829 7 
3830 13 
3833 9 
3834 21 
3840 12 
3841 17 
3848 6 
3849 9 
3851 3 
3855 4 
3855 19 
3856 14 
3856 15 
3857 7 
3859 11 
3862 8 
3863 13 
3865 13 
3868 11 
3875 9 
3876 8 
3877 13 
3878 21 
3883 12 
3888 11 
3888 9 
3888 13 
3888 8 
3893 12 
3899 20 
3902 7 
3903 11 
3904 20 
3906 1 
3914 16 
3916 11 
3920 12 
3921 6 
3921 20 
3922 10 
3923 13 
3929 15 
3930 9 
3939 16 
3941 17 
3948 7 
3953 9 
3959 8 
3960 15 
3961 1 
3963 12 
3964 0 
3965 22 
3965 6 
3967 13 
3971 9 
3973 16 
3978 15 
3978 8 
3979 13 
3985 10 
3986 12 
3992 8 
3992 7 
3993 18 
3995 14 
4001 11 
4008 20 
4009 10 
4009 9 
4010 15 
4015 6 
4016 10 
4021 15 
4023 13 
4026 8 
4028 12 
4029 14 
4030 11 
4033 9 
4037 26 
4041 15 
4044 21 
4047 4 
4048 16 
4050 17 
4056 4 
4058 9 
4058 9 
4061 17 
4061 7 
4062 10 
4063 12 
4065 16 
4065 8 
4074 4 
4077 15 
4078 8 
4081 12 
4081 8 
4086 9 
4090 9 
4091 12 
4093 7 
4099 18 
4105 5 
4106 7 
4107 13 
4108 21 
4111 21 
4111 16 
4114 23 
4115 17 
4123 14 
4123 19 
4125 9 
4127 10 
4140 13 
4141 11 
4144 24 
4146 14 
4154 0 
4156 11 
4157 23 
4160 17 
4161 16 
4161 18 
4163 22 
4167 18 
4168 12 
4169 11 
4173 9 
4177 16 
4184 9 
4190 8 
4193 13 
4194 11 
4196 6 
4196 4 
4199 12 
4200 20 
4202 6 
4207 13 
4214 -1 
4218 15 
4220 25 
4221 15 
4224 7 
4224 16 
4227 14 
4228 14 
4229 12 
4230 15 
4231 3 
4232 2 
4232 9 
4234 16 
4241 15 
4241 21 
4243 24 
4244 8 
4246 18 
4246 8 
4248 18 
4249 14 
4251 2 
4254 10 
4258 22 
4262 22 
4272 6 
4272 16 
4275 17 
4275 12 
4278 21 
4279 11 
4283 4 
4286 20 
4287 18 
4287 -2 
4294 19 
4303 13 
4307 17 
4308 17 
4309 14 
4309 26 
4312 -1 
4313 13 
4318 11 
4322 13 
4323 14 
4332 12 
4335 6 
4336 15 
4336 11 
4341 10 
4348 11 
4359 14 
4359 14 
4362 15 
4363 12 
4365 16 
4376 13 
4376 10 
4383 18 
4388 13 
4390 8 
4394 17 
4395 18 
4398 1 
4399 17 
4399 20 
4403 3 
4405 11 
4405 18 
4406 15 
4409 22 
4412 9 
4426 10 
4427 9 
4430 17 
4434 16 
4441 11 
4449 9 
4450 17 
4456 24 
4456 16 
4460 16 
4460 11 
4462 15 
4463 18 
4464 25 
4464 18 
4466 10 
4466 5 
4469 14 
4473 12 
4473 5 
4474 11 
4481 10 
4482 15 
4486 20 
4488 9 
4497 0 
4497 23 
4499 15 
4507 8 
4508 20 
4508 5 
4510 14 
4514 10 
4517 18 
4520 17 
4523 11 
4523 13 
4526 18 
4529 17 
4535 19 
4536 11 
4536 14 
4537 11 
4537 14 
4539 6 
4540 20 
4541 11 
4543 17 
4546 11 
4550 9 
4551 14 
4563 14 
4565 20 
4565 4 
4566 9 
4566 -2 
4570 9 
4575 6 
4580 14 
4582 12 
4583 23 
4588 8 
4593 7 
4596 18 
4597 12 
4601 17 
4602 11 
4604 14 
4604 9 
4605 5 
4605 12 
4606 5 
4612 6 
4615 16 
4616 19 
4617 5 
4617 12 
4619 11 
4619 1 
4620 8 
4620 15 
4621 21 
4624 14 
4625 12 
4638 12 
4639 14 
4639 12 
4640 19 
4641 12 
4642 21 
4644 18 
4651 25 
4653 8 
4656 14 
4657 6 
4658 6 
4662 16 
4664 7 
4665 10 
4667 8 
4672 17 
4677 10 
4681 16 
4682 20 
4682 3 
4683 7 
4689 9 
4692 12 
4693 15 
4693 0 
4695 6 
4698 19 
4698 8 
4702 17 
4705 9 
4708 20 
4709 5 
4709 12 
4711 15 
4712 22 
4716 8 
4719 13 
4719 12 
4721 22 
4727 14 
4727 16 
4729 10 
4730 10 
4732 5 
4747 14 
4747 17 
4749 4 
4750 6 
4750 12 
4753 21 
4754 15 
4757 15 
4758 13 
4762 11 
4766 8 
4767 12 
4767 10 
4772 22 
4774 7 
4774 0 
4779 14 
4779 23 
4783 11 
4796 -1 
4798 3 
4801 6 
4802 16 
4804 17 
4805 20 
4806 7 
4809 9 
4813 10 
4814 3 
4819 6 
4820 11 
4825 11 
4827 9 
4828 15 
4828 21 
4828 13 
4833 12 
4833 13 
4834 15 
4835 10 
4837 9 
4846 15 
4850 13 
4854 14 
4855 9 
4867 3 
4872 12 
4878 6 
4882 5 
4883 19 
4897 14 
4898 8 
4899 9 
4904 14 
4904 13 
4904 12 
4908 13 
4908 8 
4917 7 
4919 1 
4922 13 
4923 16 
4931 13 
4934 16 
4942 15 
4944 8 
4945 12 
4946 8 
4948 12 
4951 2 
4952 -1 
4953 18 
4955 10 
4955 -3 
4958 14 
4958 14 
4962 12 
4964 13 
4967 12 
4968 18 
4975 12 
4977 9 
4979 17 
4982 17 
4983 10 
4986 10 
4990 9 
4990 13 
4993 3 
4998 20 
4999 17 
5005 16 
5015 9 
5018 19 
5019 3 
5020 15 
5021 15 
5021 13 
5024 9 
5024 18 
5025 8 
5027 19 
5031 17 
5031 9 
5031 17 
5031 17 
5032 7 
5037 3 
5044 13 
5045 20 
5046 14 
5053 9 
5053 18 
5054 7 
5055 4 
5055 8 
5058 17 
5058 22 
5069 17 
5070 11 
5071 11 
5072 25 
5077 17 
5082 4 
5087 10 
5089 11 
5089 24 
5090 10 
5090 14 
5094 0 
5094 10 
5104 14 
5104 15 
5106 12 
5107 10 
5108 9 
5115 17 
5126 12 
5126 4 
5130 8 
5132 12 
5132 4 
5134 9 
5135 0 
5136 14 
5136 9 
5137 16 
5137 11 
5140 1 
5141 7 
5143 21 
5145 17 
5149 16 
5149 9 
5154 14 
5156 12 
5162 11 
5167 5 
5169 10 
5174 19 
5175 15 
5177 2 
5183 15 
5184 11 
5188 19 
5190 4 
5190 16 
5195 20 
5195 8 
5199 14 
5200 6 
5201 21 
5202 12 
5203 2 
5205 14 
5205 12 
5206 14 
5209 6 
5210 16 
5215 8 
5218 8 
5223 6 
5233 9 
5238 6 
5246 12 
5247 16 
5249 20 
5249 3 
5253 20 
5255 6 
5256 14 
5257 18 
5259 8 
5262 15 
5264 3 
5264 15 
5267 13 
5268 9 
5268 9 
5269 18 
5269 6 
5271 15 
5273 13 
5275 10 
5275 4 
5290 14 
5299 16 
5300 19 
5304 22 
5306 8 
5307 11 
5310 7 
5312 15 
5320 7 
5333 18 
5338 14 
5340 13 
5343 22 
5344 19 
5345 21 
5346 8 
5350 12 
5352 15 
5356 14 
5357 14 
5364 16 
5366 10 
5367 8 
5369 12 
5380 10 
5384 13 
5385 16 
5386 9 
5393 17 
5399 20 
5401 8 
5402 6 
5407 19 
5416 19 
5418 7 
5418 14 
5419 9 
5420 10 
5422 1 
5423 9 
5423 8 
5433 17 
5441 11 
5444 16 
5446 8 
5447 16 
5447 5 
5447 15 
5449 9 
5452 13 
5454 8 
5456 17 
5456 28 
5457 14 
5460 11 
5462 10 
5463 8 
5469 10 
5471 12 
5471 14 
5472 20 
5474 6 
5475 10 
5476 16 
5481 12 
5483 10 
5485 -3 
5488 6 
5488 13 
5492 21 
5495 14 
5502 13 
5508 18 
5517 14 
5521 8 
5524 21 
5525 4 
5526 18 
5530 3 
5535 11 
5537 11 
5538 12 
5538 13 
5540 14 
5540 8 
5541 14 
5542 5 
5542 13 
5543 12 
5544 13 
5547 14 
5548 11 
5549 7 
5553 21 
5555 13 
5556 12 
5560 10 
5561 23 
5564 16 
5565 12 
5566 18 
5568 10 
5569 18 
5570 6 
5575 17 
5576 4 
5578 10 
5580 11 
5583 8 
5583 10 
5585 8 
5587 10 
5598 14 
5600 13 
5602 12 
5605 7 
5610 8 
5615 12 
5621 11 
5621 6 
5625 6 
5628 19 
5632 8 
5635 8 
5638 21 
5639 17 
5643 14 
5646 4 
5648 10 
5651 13 
5651 5 
5651 7 
5652 14 
5656 8 
5656 14 
5659 15 
5668 16 
5668 10 
5669 11 
5670 11 
5674 16 
5677 10 
5684 11 
5686 8 
5687 24 
5687 21 
5692 7 
5699 11 
5705 22 
5707 18 
5713 9 
5713 7 
5716 16 
5721 8 
5722 4 
5722 28 
5724 10 
5726 10 
5732 7 
5733 8 
5739 21 
5739 0 
5744 16 
5752 8 
5754 10 
5760 21 
5764 19 
5764 15 
5768 14 
5769 17 
5771 19 
5772 9 
5778 16 
5778 17 
5781 15 
5781 4 
5783 14 
5783 7 
5786 22 
5789 21 
5791 4 
5792 -4 
5797 18 
5798 13 
5798 1 
5802 12 
5807 17 
5807 1 
5808 3 
5809 6 
5811 13 
5813 20 
5813 14 
5815 19 
5815 10 
5816 9 
5822 5 
5829 21 
5830 8 
5837 12 
5842 0 
5842 17 
5861 12 
5862 11 
5869 14 
5874 16 
5885 17 
5889 9 
5893 12 
5896 23 
5901 17 
5907 21 
5907 12 
5912 10 
5913 10 
5925 20 
5935 8 
5937 15 
5938 16 
5939 -1 
5940 22 
5940 15 
5940 8 
5941 4 
5945 10 
5947 15 
5948 8 
5948 -1 
5955 18 
5955 3 
5961 4 
5965 14 
5967 7 
5968 10 
5974 6 
5976 13 
5985 15 
5987 10 
5988 16 
5990 17 
5993 14 
5994 20 
5994 21 
5995 12 
5995 18 
6000 6 
6002 13 
6003 16 
6003 16 
6004 -4 
6010 15 
6013 11 
6018 14 
6030 15 
6033 8 
6036 17 
6038 20 
6040 19 
6043 12 
6049 19 
6053 11 
6055 16 
6055 4 
6056 19 
6059 21 
6063 10 
6065 6 
6066 14 
6067 27 
6070 7 
6071 8 
6072 8 
6072 16 
6074 12 
6079 9 
6083 19 
6084 12 
6084 13 
6088 9 
6089 11 
6089 9 
6093 21 
6093 15 
6096 16 
6099 11 
6099 13 
6100 22 
6100 0 
6100 18 
6102 2 
6113 16 
6114 15 
6116 14 
6119 22 
6121 7 
6121 3 
6122 16 
6122 9 
6125 21 
6126 14 
6127 15 
6128 28 
6134 16 
6139 17 
6140 13 
6140 19 
6142 6 
6142 8 
6146 20 
6149 12 
6153 15 
6154 10 
6154 8 
6162 16 
6163 3 
6172 2 
6176 19 
6177 13 
6177 18 
6177 18 
6182 16 
6182 15 
6184 16 
6188 10 
6190 12 
6191 14 
6193 16 
6194 13 
6200 4 
6201 3 
6202 11 
6204 8 
6207 9 
6208 10 
6209 17 
6209 11 
6218 12 
6219 7 
6224 16 
6224 1 
6226 6 
6226 19 
6226 23 
6226 14 
6228 19 
6231 10 
6241 7 
6244 13 
6248 8 
6248 4 
6249 14 
6249 18 
6250 4 
6251 17 
6254 19 
6255 23 
6255 14 
6257 15 
6257 6 
6260 17 
6262 9 
6268 16 
6269 24 
6272 6 
6274 13 
6278 11 
6281 9 
6282 -1 
6286 19 
6287 4 
6289 20 
6294 13 
6296 10 
6296 12 
6300 18 
6302 12 
6305 4 
6311 13 
6318 16 
6319 11 
6321 7 
6331 9 
6332 12 
6333 2 
6336 16 
6343 19 
6343 11 
6348 13 
6350 18 
6350 12 
6352 17 
6366 -3 
6368 3 
6369 3 
6372 22 
6378 5 
6380 10 
6387 9 
6389 16 
6389 18 
6393 11 
6395 5 
6396 4 
6396 15 
6398 12 
6406 13 
6408 12 
6411 10 
6411 4 
6413 18 
6415 17 
6422 9 
6423 6 
6423 15 
6429 16 
6430 20 
6431 20 
6435 4 
6441 7 
6445 13 
6450 20 
6451 8 
6453 11 
6458 16 
6460 11 
6461 4 
6467 15 
6467 6 
6469 11 
6470 18 
6476 7 
6477 13 
6483 18 
6488 15 
6491 15 
6497 26 
6499 2 
6513 10 
6517 18 
6519 13 
6523 13 
6523 4 
6524 13 
6525 14 
6529 4 
6530 14 
6532 16 
6533 13 
6534 18 
6540 8 
6545 20 
6545 21 
6548 10 
6549 15 
6550 16 
6556 12 
6559 24 
6561 9 
6562 12 
6565 8 
6566 4 
6567 14 
6569 12 
6575 19 
6576 10 
6577 6 
6580 20 
6586 19 
6586 6 
6588 13 
6588 13 
6589 7 
6590 2 
6595 16 
6595 15 
6599 2 
6602 10 
6603 18 
6603 -2 
6607 17 
6608 4 
6611 12 
6611 -1 
6614 13 
6614 13 
6615 17 
6619 20 
6622 5 
6626 6 
6629 20 
6635 8 
6639 14 
6645 7 
6646 11 
6649 5 
6652 11 
6658 17 
6660 15 
6664 16 
6667 14 
6667 2 
6667 27 
6674 9 
6678 8 
6681 20 
6685 12 
6689 16 
6693 6 
6695 4 
6695 16 
6696 12 
6698 13 
6700 19 
6703 9 
6704 13 
6705 27 
6705 13 
6710 15 
6710 25 
6714 10 
6715 21 
6717 18 
6717 6 
6718 8 
6721 3 
6723 12 
6724 12 
6724 1 
6724 8 
6727 18 
6740 4 
6741 8 
6741 10 
6748 14 
6753 16 
6756 16 
6763 13 
6765 7 
6766 12 
6767 3 
6767 14 
6772 9 
6778 9 
6790 10 
6791 11 
6807 18 
6813 3 
6813 12 
6813 8 
6815 10 
6831 13 
6833 16 
6838 13 
6840 11 
6841 4 
6843 11 
6848 8 
6856 22 
6856 5 
6858 16 
6862 9 
6866 13 
6867 15 
6872 7 
6873 25 
6876 9 
6878 13 
6879 13 
6881 20 
6881 6 
6882 14 
6882 15 
6890 9 
6890 7 
6897 2 
6897 18 
6900 14 
6905 11 
6913 5 
6914 -3 
6914 29 
6916 13 
6917 2 
6919 6 
6919 14 
6922 3 
6922 16 
6925 20 
6927 5 
6929 9 
6935 14 
6935 15 
6937 10 
6943 14 
6944 11 
6944 9 
6946 17 
6946 23 
6948 15 
6950 7 
6955 4 
6960 11 
6963 11 
6966 2 
6966 18 
6972 9 
6972 2 
6974 12 
6975 15 
6981 8 
6981 10 
6984 7 
6990 6 
6995 6 
7001 15 
7001 19 
7004 2 
7006 4 
7007 13 
7008 11 
7009 7 
7027 11 
7030 6 
7032 8 
7036 12 
7037 5 
7038 2 
7038 18 
7040 16 
7040 6 
7048 14 
7048 23 
7048 22 
7049 17 
7056 17 
7058 24 
7058 13 
7058 17 
7059 7 
7061 9 
7071 6 
7073 6 
7080 2 
7085 16 
7087 13 
7088 16 
7091 13 
7093 13 
7096 17 
7096 16 
7102 10 
7103 7 
7108 23 
7109 1 
7109 18 
7115 0 
7117 15 
7118 1 
7123 12 
7124 17 
7125 7 
7125 6 
7128 20 
7128 9 
7132 13 
7132 9 
7135 6 
7137 16 
7140 12 
7141 15 
7148 12 
7150 21 
7152 3 
7152 16 
7152 12 
7155 16 
7157 18 
7157 23 
7160 7 
7161 17 
7167 16 
7167 6 
7168 15 
7168 12 
7173 9 
7177 11 
7178 10 
7181 13 
7187 9 
7194 20 
7195 14 
7196 3 
7199 6 
7201 2 
7204 15 
7208 3 
7208 7 
7209 8 
7212 20 
7215 18 
7218 8 
7221 5 
7222 12 
7223 19 
7229 19 
7229 18 
7233 14 
7233 17 
7235 6 
7236 9 
7236 21 
7237 -1 
7237 16 
7239 19 
7248 13 
7251 14 
7254 15 
7254 2 
7258 19 
7262 18 
7263 10 
7266 11 
7277 11 
7278 7 
7281 19 
7287 10 
7287 9 
7288 8 
7296 9 
7296 10 
7301 17 
7307 17 
7308 11 
7311 10 
7314 10 
7318 15 
7322 7 
7327 22 
7328 5 
7330 24 
7334 12 
7347 18 
7348 8 
7349 18 
7350 9 
7351 25 
7357 2 
7357 6 
7358 5 
7358 16 
7362 9 
7366 9 
7366 0 
7368 15 
7369 15 
7373 21 
7375 11 
7375 11 
7376 22 
7380 2 
7381 11 
7382 13 
7393 19 
7395 11 
7396 18 
7397 10 
7403 17 
7403 -3 
7405 4 
7406 12 
7408 15 
7408 -1 
7410 16 
7410 13 
7411 9 
7414 9 
7416 13 
7435 13 
7438 14 
7438 8 
7439 9 
7440 22 
7441 12 
7441 4 
7444 6 
7444 7 
7446 26 
7446 9 
7449 13 
7452 12 
7452 15 
7452 5 
7462 13 
7462 4 
7463 22 
7467 15 
7470 5 
7484 15 
7487 14 
7491 2 
7498 15 
7504 4 
7509 13 
7523 6 
7524 5 
7525 0 
7530 0 
7530 16 
7535 6 
7537 8 
7540 5 
7541 22 
7541 14 
7543 9 
7545 15 
7546 12 
7549 17 
7550 10 
7552 15 
7554 6 
7555 0 
7557 6 
7559 11 
7561 10 
7564 25 
7566 6 
7567 15 
7569 14 
7576 11 
7576 8 
7577 14 
7579 14 
7580 -1 
7589 13 
7591 13 
7592 19 
7593 18 
7602 17 
7604 11 
7604 12 
7606 4 
7613 16 
7619 22 
7622 10 
7629 16 
7633 8 
7636 4 
7638 6 
7639 17 
7639 6 
7640 17 
7643 6 
7651 12 
7668 15 
7668 9 
7669 8 
7669 13 
7671 15 
7675 20 
7682 11 
7684 1 
7684 7 
7691 15 
7691 2 
7693 25 
7694 15 
7701 13 
7702 15 
7703 18 
7705 12 
7708 11 
7708 18 
7713 16 
7717 3 
7717 13 
7719 2 
7723 15 
7723 23 
7723 10 
7724 27 
7727 14 
7731 14 
7733 14 
7738 25 
7739 2 
7740 6 
7741 13 
7743 13 
7743 9 
7745 14 
7745 23 
7750 7 
7752 7 
7759 12 
7764 15 
7768 9 
7772 9 
7773 15 
7774 3 
7782 9 
7794 20 
7799 12 
7799 18 
7802 14 
7804 -4 
7810 12 
7811 23 
7813 14 
7815 -3 
7818 0 
7818 13 
7820 12 
7822 17 
7825 15 
7830 13 
7833 12 
7833 13 
7834 23 
7834 15 
7837 8 
7837 9 
7837 6 
7840 15 
7852 11 
7860 10 
7861 23 
7866 19 
7868 10 
7882 13 
7883 20 
7883 22 
7886 14 
7890 7 
7892 14 
7895 24 
7896 20 
7896 14 
7896 14 
7901 10 
7904 15 
7909 10 
7912 8 
7915 17 
7916 6 
7917 5 
7917 1 
7923 10 
7929 15 
7931 10 
7934 9 
7936 11 
7938 4 
7938 19 
7939 9 
7942 13 
7944 23 
7945 9 
7946 8 
7953 21 
7954 9 
7956 7 
7963 2 
7970 1 
7971 6 
7973 11 
7977 11 
7977 7 
7981 9 
7981 13 
7983 9 
7984 15 
7993 6 
7997 17 
7997 11 
8001 4 
8007 7 
8008 6 
8009 9 
8010 16 
8019 7 
8025 16 
8026 8 
8028 17 
8028 8 
8029 16 
8032 11 
8040 13 
8040 17 
8049 14 
8055 14 
8057 10 
8060 12 
8061 18 
8061 14 
8064 14 
8070 13 
8073 6 
8073 11 
8074 6 
8075 13 
8080 20 
8081 12 
8082 7 
8083 10 
8091 15 
8091 7 
8091 7 
8091 6 
8092 23 
8093 18 
8098 10 
8099 14 
8106 11 
8112 9 
8113 17 
8114 7 
8115 26 
8120 3 
8121 18 
8121 7 
8125 9 
8125 1 
8127 11 
8128 5 
8129 18 
8130 7 
8135 6 
8136 16 
8141 17 
8144 15 
8145 9 
8146 5 
8148 24 
8160 9 
8163 2 
8166 0 
8168 20 
8173 13 
8182 21 
8182 22 
8182 11 
8182 15 
8186 17 
8188 9 
8190 6 
8192 16 
8192 19 
8194 16 
8194 9 
8197 21 
8199 9 
8211 12 
8215 18 
8217 9 
8221 13 
8230 23 
8231 15 
8232 14 
8232 10 
8233 21 
8235 8 
8235 13 
8237 7 
8239 15 
8240 7 
8247 14 
8249 18 
8250 11 
8251 11 
8252 17 
8255 9 
8256 14 
8256 2 
8264 22 
8268 16 
8274 3 
8275 7 
8276 14 
8277 14 
8277 14 
8281 14 
8283 16 
8283 10 
8289 6 
8289 7 
8290 13 
8293 20 
8294 12 
8295 9 
8296 13 
8296 20 
8298 8 
8299 2 
8300 6 
8300 12 
8312 2 
8313 14 
8314 8 
8314 15 
8315 20 
8315 13 
8321 15 
8321 8 
8330 15 
8333 22 
8338 17 
8342 3 
8343 15 
8343 18 
8345 7 
8348 2 
8351 8 
8352 13 
8352 12 
8356 15 
8358 5 
8359 16 
8360 15 
8361 -1 
8362 18 
8362 11 
8364 20 
8365 22 
8366 9 
8367 15 
8368 6 
8370 8 
8374 12 
8376 7 
8378 9 
8383 21 
8385 4 
8386 16 
8390 17 
8393 13 
8393 13 
8394 -1 
8399 4 
8401 8 
8402 13 
8405 12 
8406 15 
8411 17 
8413 4 
8417 17 
8419 14 
8421 22 
8421 16 
8422 20 
8423 2 
8428 19 
8433 17 
8438 13 
8440 19 
8443 13 
8444 16 
8446 10 
8446 7 
8451 20 
8452 13 
8453 15 
8455 15 
8455 15 
8456 13 
8456 11 
8459 20 
8462 15 
8468 7 
8470 3 
8477 8 
8483 17 
8484 17 
8485 5 
8486 11 
8487 14 
8488 6 
8489 17 
8493 7 
8493 5 
8498 12 
8500 14 
8501 6 
8503 4 
8505 -3 
8505 3 
8506 6 
8507 23 
8508 14 
8509 3 
8513 5 
8518 18 
8522 13 
8522 12 
8529 6 
8529 4 
8529 4 
8532 20 
8535 4 
8536 17 
8541 14 
8541 7 
8546 20 
8550 13 
8553 6 
8557 7 
8559 20 
8560 24 
8568 15 
8571 21 
8577 5 
8578 14 
8579 13 
8582 17 
8583 6 
8584 13 
8584 17 
8587 13 
8587 10 
8588 10 
8592 9 
8599 7 
8600 17 
8604 4 
8605 3 
8607 9 
8611 23 
8614 19 
8616 8 
8627 8 
8627 17 
8633 17 
8638 14 
8639 11 
8643 12 
8647 19 
8649 9 
8650 8 
8651 18 
8651 6 
8653 12 
8655 10 
8655 13 
8660 17 
8661 11 
8662 7 
8666 22 
8667 8 
8667 15 
8670 14 
8672 7 
8674 6 
8677 24 
8678 23 
8681 18 
8683 20 
8684 11 
8687 17 
8694 10 
8700 14 
8702 20 
8703 11 
8703 15 
8704 16 
8705 14 
8706 16 
8709 14 
8715 8 
8717 7 
8717 13 
8720 12 
8721 17 
8724 -1 
8725 8 
8726 9 
8728 14 
8729 12 
8732 18 
8733 21 
8736 13 
8738 15 
8741 18 
8752 7 
8761 18 
8761 24 
8762 11 
8765 16 
8765 10 
8769 13 
8774 5 
8777 1 
8779 11 
8783 10 
8783 11 
8785 9 
8785 15 
8785 16 
8786 20 
8787 8 
8791 17 
8792 16 
8793 3 
8794 1 
8798 13 
8803 9 
8808 9 
8815 10 
8822 13 
8825 2 
8825 7 
8827 16 
8827 5 
8828 6 
8828 7 
8828 9 
8829 5 
8830 -2 
8839 19 
8842 0 
8850 10 
8852 23 
8853 16 
8856 22 
8860 22 
8865 8 
8869 10 
8870 13 
8886 4 
8887 9 
8889 -1 
8892 29 
8892 12 
8896 15 
8898 14 
8899 7 
8899 18 
8900 7 
8900 16 
8901 16 
8902 12 
8908 18 
8908 20 
8909 6 
8913 20 
8914 3 
8915 4 
8925 8 
8928 17 
8930 11 
8931 5 
8931 6 
8933 13 
8935 23 
8938 26 
8938 14 
8938 7 
8942 6 
8943 22 
8947 7 
8952 6 
8954 8 
8954 19 
8956 18 
8956 7 
8964 9 
8965 22 
8965 14 
8978 9 
8978 11 
8978 3 
8981 14 
8990 7 
8993 16 
9001 6 
9003 12 
9009 14 
9010 18 
9014 12 
9017 14 
9023 19 
9026 9 
9032 0 
9034 8 
9037 1 
9044 19 
9047 10 
9053 21 
9056 2 
9056 9 
9066 14 
9067 13 
9067 3 
9070 19 
9073 10 
9074 10 
9077 12 
9078 14 
9086 15 
9095 19 
9095 21 
9097 0 
9102 13 
9105 17 
9107 12 
9108 11 
9108 1 
9110 13 
9115 10 
9115 14 
9118 10 
9123 6 
9123 12 
9124 14 
9125 6 
9126 10 
9130 11 
9131 20 
9133 5 
9135 7 
9140 19 
9141 1 
9141 3 
9145 8 
9145 4 
9147 5 
9149 15 
9150 17 
9154 9 
9156 17 
9160 -1 
9164 15 
9168 8 
9170 0 
9177 8 
9178 7 
9188 18 
9188 12 
9189 14 
9190 11 
9193 16 
9201 14 
9202 16 
9203 11 
9204 15 
9204 2 
9205 11 
9212 11 
9213 18 
9220 17 
9227 6 
9228 20 
9232 18 
9236 9 
9242 14 
9246 3 
9251 10 
9260 7 
9267 7 
9269 9 
9272 9 
9272 13 
9273 8 
9276 16 
9277 5 
9281 16 
9282 25 
9286 21 
9287 12 
9291 8 
9292 9 
9294 13 
9297 12 
9304 11 
9309 14 
9309 3 
9312 7 
9313 19 
9313 14 
9316 13 
9317 14 
9321 12 
9324 14 
9334 20 
9334 14 
9337 -1 
9337 18 
9337 9 
9351 6 
9352 13 
9352 17 
9353 7 
9353 10 
9360 6 
9362 18 
9370 21 
9370 6 
9372 18 
9372 17 
9373 8 
9374 17 
9378 9 
9380 4 
9382 13 
9383 3 
9386 22 
9386 15 
9388 14 
9389 7 
9389 -1 
9397 17 
9408 16 
9411 13 
9416 6 
9418 15 
9421 3 
9422 6 
9426 5 
9426 13 
9429 15 
9430 15 
9431 15 
9434 17 
9434 9 
9435 12 
9436 14 
9438 16 
9440 23 
9442 6 
9447 11 
9447 14 
9451 11 
9453 10 
9458 17 
9463 9 
9463 20 
9465 23 
9467 0 
9467 12 
9469 19 
9469 18 
9478 15 
9484 7 
9486 12 
9487 5 
9488 16 
9492 16 
9499 19 
9503 14 
9507 4 
9508 2 
9509 14 
9515 16 
9523 21 
9528 6 
9532 11 
9532 9 
9534 12 
9534 15 
9535 3 
9535 11 
9538 27 
9539 15 
9541 20 
9541 6 
9546 3 
9555 9 
9556 13 
9556 17 
9556 16 
9556 5 
9559 15 
9561 9 
9563 16 
9564 8 
9565 4 
9566 7 
9566 6 
9567 4 
9569 17 
9569 3 
9571 6 
9578 12 
9578 15 
9586 21 
9592 13 
9594 4 
9601 11 
9619 12 
9622 7 
9624 10 
9624 10 
9624 20 
9625 17 
9628 9 
9629 9 
9631 0 
9634 15 
9637 13 
9644 14 
9646 13 
9647 6 
9649 10 
9653 6 
9655 14 
9658 9 
9658 22 
9660 16 
9662 12 
9664 11 
9667 14 
9669 8 
9670 10 
9670 16 
9672 8 
9676 20 
9676 5 
9680 -5 
9687 16 
9688 12 
9689 10 
9690 18 
9695 22 
9697 9 
9703 9 
9704 14 
9704 3 
9705 19 
9707 16 
9709 11 
9710 16 
9710 6 
9711 8 
9713 14 
9716 17 
9716 9 
9718 8 
9726 4 
9727 9 
9727 15 
9728 16 
9731 19 
9733 3 
9737 16 
9740 7 
9742 13 
9745 15 
9753 8 
9756 17 
9763 6 
9765 7 
9766 15 
9768 8 
9769 20 
9770 12 
9771 16 
9773 10 
9786 12 
9788 13 
9789 14 
9792 8 
9793 16 
9801 8 
9806 12 
9807 13 
9810 14 
9811 6 
9813 14 
9814 4 
9814 13 
9815 12 
9817 0 
9821 17 
9824 16 
9827 12 
9832 8 
9833 16 
9834 13 
9835 15 
9837 16 
9838 7 
9846 16 
9847 11 
9848 7 
9850 13 
9854 5 
9855 16 
9859 17 
9859 22 
9861 3 
9861 16 
9869 15 
9869 20 
9870 16 
9874 5 
9875 15 
9878 9 
9881 15 
9881 18 
9886 14 
9891 1 
9894 8 
9904 9 
9905 9 
9906 20 
9910 17 
9912 11 
9914 10 
9917 7 
9920 19 
9922 17 
9923 16 
9929 8 
9930 10 
9934 11 
9935 15 
9935 27 
9937 9 
9942 16 
9942 9 
9946 15 
9947 13 
9949 2 
9951 7 
9954 5 
9954 9 
9955 15 
9958 6 
9958 18 
9958 17 
9962 21 
9962 7 
9964 11 
9971 10 
9972 14 
9974 21 
9976 10 
9977 6 
9978 12 
9979 19 
9981 6 
9981 11 
9981 6 
9989 11 
9993 13 
9995 12 
9996 17 
9999 13 
-1 -1