2 18 
3 18 
21 12 
27 18 
32 25 
39 11 
40 15 
41 6 
42 12 
57 18 
65 27 
71 20 
72 25 
75 16 
84 6 
101 16 
106 6 
106 -2 
113 13 
114 11 
119 12 
122 18 
124 11 
135 9 
145 -2 
148 3 
169 11 
169 5 
173 15 
189 9 
189 16 
195 15 
208 9 
225 24 
227 2 
227 18 
236 10 
238 18 
250 18 
259 0 
259 17 
267 14 
274 15 
291 8 
293 8 
308 18 
324 10 
326 6 
335 15 
337 10 
338 10 
345 18 
348 17 
350 13 
350 16 
353 11 
355 6 
361 15 
386 9 
403 20 
435 7 
443 8 
459 19 
468 8 
476 21 
484 8 
491 16 
498 19 
502 7 
523 10 
523 12 
538 5 
540 20 
548 15 
555 6 
557 15 
559 14 
565 -2 
599 9 
601 14 
626 7 
635 8 
647 17 
648 15 
656 3 
666 -2 
677 14 
677 10 
681 7 
700 14 
700 12 
712 6 
712 10 
721 12 
722 3 
731 14 
732 11 
741 18 
742 17 
744 6 
747 7 
751 7 
761 7 
769 15 
788 14 
808 6 
841 11 
851 6 
858 4 
872 14 
877 7 
886 13 
899 6 
900 10 
904 7 
929 2 
932 9 
946 16 
953 19 
967 14 
968 8 
972 6 
974 14 
999 15 
1003 7 
1015 14 
1020 6 
1027 18 
1028 18 
1056 18 
1071 10 
1078 14 
1084 10 
1086 11 
1098 12 
1105 16 
1132 19 
1149 1 
1153 8 
1159 11 
1159 21 
1192 11 
1192 3 
1203 13 
1211 22 
1247 5 
1264 16 
1265 14 
1293 15 
1295 11 
1300 18 
1320 19 
1331 10 
1338 21 
1342 13 
1344 14 
1348 13 
1355 15 
1360 12 
1363 24 
1416 5 
1417 11 
1418 6 
1420 9 
1436 10 
1441 4 
1458 6 
1476 10 
1479 21 
1490 18 
1495 10 
1496 16 
1502 17 
1511 6 
1521 16 
1538 26 
1539 7 
1543 7 
1544 6 
1560 18 
1579 0 
1585 10 
1600 13 
1608 16 
1643 9 
1647 7 
1650 10 
1654 28 
1655 12 
1659 4 
1675 14 
1693 13 
1695 18 
1701 20 
1707 10 
1717 4 
1723 24 
1731 14 
1738 12 
1751 14 
1763 4 
1771 7 
1771 3 
1785 13 
1822 6 
1825 12 
1829 17 
1836 25 
1840 5 
1847 13 
1849 1 
1857 20 
1860 7 
1862 3 
1867 23 
1874 1 
1901 10 
1908 6 
1908 13 
1918 11 
1923 14 
1924 13 
1926 12 
1936 21 
1943 10 
1949 11 
1970 16 
1981 8 
1988 5 
1991 16 
1998 5 
1999 13 
2003 -4 
2015 2 
2018 16 
2019 8 
2020 5 
2022 18 
2028 12 
2029 17 
2033 25 
2036 18 
2053 10 
2053 9 
2083 2 
2097 24 
2097 23 
2106 10 
2121 7 
2129 3 
2148 16 
2161 10 
2164 7 
2170 0 
2179 11 
2199 15 
2206 6 
2220 3 
2222 17 
2253 11 
2254 9 
2259 9 
2274 17 
2284 14 
2286 8 
2295 19 
2303 2 
2312 10 
2316 11 
2317 6 
2334 19 
2340 6 
2343 11 
2363 20 
2371 14 
2382 10 
2391 15 
2406 2 
2409 -1 
2421 4 
2423 13 
2445 16 
2455 14 
2471 22 
2481 13 
2482 10 
2488 9 
2489 25 
2503 15 
2508 2 
2511 15 
2514 2 
2516 0 
2528 8 
2529 16 
2549 19 
2550 9 
2570 18 
2570 8 
2584 1 
2588 15 
2604 11 
2607 12 
2609 9 
2611 8 
2612 3 
2621 11 
2621 10 
2623 16 
2628 14 
2628 23 
2640 16 
2641 2 
2646 10 
2657 15 
2667 10 
2670 12 
2670 13 
2671 9 
2674 14 
2676 17 
2685 14 
2695 12 
2699 12 
2701 14 
2701 22 
2702 12 
2702 11 
2737 11 
2737 2 
2740 7 
2750 15 
2774 8 
2843 13 
2848 10 
2859 15 
2860 14 
2867 13 
2872 12 
2892 12 
2911 8 
2913 8 
2924 15 
2937 20 
2946 7 
2974 15 
3005 13 
3007 18 
3012 4 
3016 12 
3022 18 
3031 8 
3034 23 
3035 17 
3043 5 
3064 2 
3065 7 
3143 21 
3144 21 
3152 -1 
3152 7 
3161 13 
3171 10 
3175 14 
3179 19 
3188 24 
3195 14 
3210 21 
3216 10 
3245 15 
3276 24 
3293 22 
3318 11 
3335 16 
3335 14 
3338 4 
3340 12 
3377 9 
3380 15 
3390 10 
3394 13 
3396 13 
3407 8 
3425 19 
3430 18 
3448 19 
3454 15 
3472 9 
3480 13 
3509 1 
3523 11 
3540 17 
3557 20 
3565 3 
3565 9 
3617 10 
3625 15 
3639 13 
3647 22 
3669 20 
3676 7 
3690 10 
3716 9 
3716 7 
3728 3 
3730 13 
3754 8 
3760 12 
3766 12 
3775 9 
3803 16 
3805 6 
3826 12 
3829 4 
3830 13 
3851 3 
3855 4 
3865 13 
3877 13 
3878 21 
3904 20 
3941 17 
3960 15 
3967 13 
3971 9 
3978 15 
3985 10 
3986 12 
3992 8 
3993 18 
4016 10 
4021 15 
4028 12 
4050 17 
4061 17 
4065 16 
4074 4 
4081 12 
4091 12 
4114 23 
4115 17 
4144 24 
4157 23 
4161 16 
4168 12 
4193 13 
4196 6 
4196 4 
4202 6 
4218 15 
4230 15 
4231 3 
4243 24 
4262 22 
4286 20 
4287 18 
4307 17 
4308 17 
4309 14 
4313 13 
4318 11 
4336 15 
4348 11 
4376 13 
4390 8 
4395 18 
4460 16 
4462 15 
4469 14 
4474 11 
4486 20 
4488 9 
4507 8 
4514 10 
4520 17 
4523 11 
4536 11 
4546 11 
4550 9 
4565 20 
4565 4 
4566 9 
4575 6 
4583 23 
4588 8 
4593 7 
4596 18 
4604 14 
4606 5 
4620 8 
4625 12 
4641 12 
4651 25 
4664 7 
4693 15 
4698 19 
4708 20 
4747 14 
4753 21 
4767 12 
4774 7 
4779 14 
4798 3 
4801 6 
4802 16 
4804 17 
4806 7 
4828 15 
4828 21 
4833 12 
4833 13 
4835 10 
4854 14 
4855 9 
4867 3 
4872 12 
4878 6 
4882 5 
4899 9 
4917 7 
4919 1 
4931 13 
4942 15 
4955 10 
4958 14 
4962 12 
4964 13 
4975 12 
4977 9 
4979 17 
4983 10 
4998 20 
5005 16 
5021 15 
5024 9 
5032 7 
5055 4 
5055 8 
5058 17 
5071 11 
5089 11 
5107 10 
5108 9 
5137 16 
5137 11 
5141 7 
5145 17 
5149 16 
5154 14 
5169 10 
5190 4 
5200 6 
5205 14 
5238 6 
5249 20 
5255 6 
5257 18 
5259 8 
5264 3 
5268 9 
5269 18 
5271 15 
5275 10 
5299 16 
5333 18 
5340 13 
5350 12 
5367 8 
5384 13 
5407 19 
5416 19 
5423 9 
5433 17 
5444 16 
5447 16 
5447 5 
5449 9 
5452 13 
5454 8 
5456 17 
5457 14 
5463 8 
5469 10 
5471 12 
5476 16 
5488 6 
5492 21 
5495 14 
5508 18 
5524 21 
5535 11 
5538 12 
5547 14 
5553 21 
5556 12 
5566 18 
5610 8 
5621 11 
5625 6 
5628 19 
5638 21 
5651 13 
5651 5 
5668 16 
5686 8 
5705 22 
5713 9 
5713 7 
5716 16 
5722 4 
5724 10 
5739 21 
5769 17 
5783 14 
5792 -4 
5808 3 
5811 13 
5813 20 
5813 14 
5829 21 
5893 12 
5907 21 
5912 10 
5938 16 
5990 17 
5993 14 
6002 13 
6030 15 
6036 17 
6038 20 
6040 19 
6063 10 
6067 27 
6072 8 
6072 16 
6074 12 
6088 9 
6096 16 
6099 11 
6113 16 
6122 16 
6125 21 
6126 14 
6128 28 
6142 6 
6149 12 
6153 15 
6154 10 
6172 2 
6177 13 
6182 16 
6191 14 
6200 4 
6202 11 
6224 16 
6226 6 
6248 8 
6249 14 
6251 17 
6260 17 
6268 16 
6278 11 
6296 10 
6302 12 
6321 7 
6333 2 
6366 -3 
6369 3 
6398 12 
6406 13 
6422 9 
6423 6 
6423 15 
6461 4 
6467 15 
6469 11 
6483 18 
6488 15 
6517 18 
6519 13 
6540 8 
6561 9 
6562 12 
6588 13 
6590 2 
6595 16 
6599 2 
6608 4 
6611 12 
6615 17 
6626 6 
6646 11 
6658 17 
6667 14 
6693 6 
6704 13 
6705 27 
6715 21 
6724 12 
6740 4 
6741 8 
6741 10 
6753 16 
6813 3 
6840 11 
6867 15 
6878 13 
6879 13 
6890 9 
6897 2 
6900 14 
6919 6 
6919 14 
6925 20 
6944 11 
6946 17 
6948 15 
6955 4 
6972 9 
6984 7 
6995 6 
7006 4 
7007 13 
7032 8 
7038 2 
7038 18 
7040 16 
7080 2 
7088 16 
7091 13 
7093 13 
7096 17 
7117 15 
7124 17 
7128 20 
7132 13 
7137 16 
7152 3 
7157 18 
7157 23 
7196 3 
7208 3 
7209 8 
7229 19 
7233 14 
7236 9 
7239 19 
7251 14 
7288 8 
7296 9 
7296 10 
7328 5 
7350 9 
7357 2 
7368 15 
7369 15 
7375 11 
7395 11 
7406 12 
7408 15 
7410 16 
7441 12 
7446 26 
7452 12 
7452 15 
7498 15 
7504 4 
7524 5 
7530 0 
7537 8 
7540 5 
7545 15 
7549 17 
7569 14 
7579 14 
7580 -1 
7589 13 
7592 19 
7604 11 
7606 4 
7636 4 
7640 17 
7651 12 
7669 8 
7671 15 
7723 15 
7741 13 
7759 12 
7768 9 
7773 15 
7799 12 
7804 -4 
7813 14 
7815 -3 
7825 15 
7830 13 
7833 12 
7837 8 
7860 10 
7861 23 
7882 13 
7892 14 
7896 20 
7929 15 
7938 4 
7953 21 
7956 7 
7981 9 
7984 15 
8007 7 
8008 6 
8019 7 
8029 16 
8040 13 
8049 14 
8055 14 
8061 18 
8070 13 
8082 7 
8112 9 
8115 26 
8125 9 
8128 5 
8135 6 
8136 16 
8166 0 
8182 21 
8182 22 
8186 17 
8194 16 
8237 7 
8239 15 
8240 7 
8247 14 
8250 11 
8255 9 
8256 14 
8274 3 
8281 14 
8283 16 
8283 10 
8289 6 
8290 13 
8295 9 
8296 13 
8299 2 
8300 6 
8313 14 
8315 20 
8315 13 
8321 15 
8333 22 
8352 13 
8356 15 
8364 20 
8366 9 
8399 4 
8405 12 
8413 4 
8421 22 
8421 16 
8423 2 
8455 15 
8456 13 
8470 3 
8486 11 
8488 6 
8489 17 
8493 7 
8522 13 
8522 12 
8529 6 
8532 20 
8546 20 
8588 10 
8616 8 
8627 8 
8633 17 
8661 11 
8666 22 
8672 7 
8678 23 
8681 18 
8683 20 
8703 11 
8705 14 
8709 14 
8717 7 
8721 17 
8729 12 
8733 21 
8761 18 
8765 16 
8779 11 
8786 20 
8787 8 
8792 16 
8793 3 
8822 13 
8829 5 
8850 10 
8856 22 
8870 13 
8892 29 
8902 12 
8909 6 
8915 4 
8925 8 
8935 23 
8938 26 
8942 6 
8956 18 
8964 9 
8978 9 
9010 18 
9023 19 
9034 8 
9066 14 
9067 13 
9074 10 
9095 19 
9102 13 
9105 17 
9130 11 
9135 7 
9156 17 
9168 8 
9178 7 
9190 11 
9220 17 
9260 7 
9273 8 
9277 5 
9281 16 
9309 14 
9334 20 
9334 14 
9337 -1 
9372 18 
9383 3 
9426 5 
9435 12 
9447 11 
9447 14 
9458 17 
9463 9 
9478 15 
9486 12 
9492 16 
9503 14 
9515 16 
9539 15 
9541 20 
9555 9 
9556 13 
9561 9 
9567 4 
9569 17 
9625 17 
9629 9 
9631 0 
9658 9 
9658 22 
9664 11 
9669 8 
9676 20 
9711 8 
9731 19 
9737 16 
9756 17 
9763 6 
9768 8 
9771 16 
9789 14 
9793 16 
9810 14 
9814 4 
9815 12 
9833 16 
9834 13 
9846 16 
9850 13 
9854 5 
9855 16 
9859 17 
9869 15 
9881 15 
9891 1 
9904 9 
9912 11 
9917 7 
9923 16 
9930 10 
9934 11 
9935 15 
9942 16 
9954 5 
9962 21 
9976 10 
9979 19 
-1 -1