0 2 25
1 2 7
2 7 3
3 263 21
4 167 4
5 460 20
6 476 16
7 7 15
8 3 5
9 1 7
10 103 2
11 35 5
12 4 9
13 2 7
14 5 23
15 1 3
16 10 12
17 1 6
18 7 17
19 4 17
20 14 10
21 30 19
22 1 13
23 1 10
24 10 3
25 1 12
26 1 22
27 291 1
28 487 18
29 12 1
30 142 3
31 1 19
32 19 19
33 1 24
34 407 5
35 1 9
36 1 7
37 9 22
38 2 20
39 486 2
40 1 1
41 1 20
42 8 3
43 1 11
44 294 2
45 4 10
46 5 19
47 411 25
48 2 17
49 1 8
50 1 15
51 18 4
52 2 7
53 114 11
54 1 17
55 10 25
56 39 17
57 2 15
58 64 23
59 4 19
60 1 6
61 8 25
62 10 1
63 52 11
64 3 11
65 1 18
66 1 16
67 1 20
68 1 20
69 305 20
70 2 11
71 2 21
72 1 3
73 32 3
74 2 5
75 3 13
76 14 15
77 1 17
78 1 12
79 15 25
80 4 13
81 2 9
82 2 3
83 1 15
84 2 25
85 29 4
86 1 12
87 1 23
88 1 11
89 178 22
90 10 24
91 4 8
92 2 13
93 436 12
94 1 24
95 1 24
96 4 1
97 1 10
98 1 1
99 449 6
100 6 17
101 1 18
102 313 14
103 1 19
104 1 8
105 2 7
106 1 11
107 1 15
108 1 4
109 1 9
110 1 18
111 1 7
112 1 18
113 166 25
114 4 14
115 29 3
116 1 24
117 1 23
118 28 15
119 1 18
120 54 1
121 386 1
122 1 22
123 2 20
124 1 21
125 2 24
126 4 2
127 2 16
128 1 19
129 79 9
130 1 9
131 6 19
132 1 24
133 3 11
134 337 6
135 4 2
136 5 18
137 1 18
138 147 13
139 1 16
140 3 6
141 1 6
142 2 13
143 1 13
144 432 10
145 89 19
146 2 12
147 259 4
148 1 24
149 54 5
150 2 24
151 6 10
152 6 13
153 4 15
154 2 16
155 1 13
156 7 10
157 2 2
158 2 11
159 142 16
160 16 11
161 9 1
162 3 10
163 1 25
164 27 17
165 55 22
166 15 24
167 3 24
168 145 6
169 14 22
170 1 24
171 29 20
172 295 9
173 24 9
174 5 1
175 28 1
176 167 25
177 1 5
178 1 11
179 4 18
180 16 1
181 1 1
182 1 10
183 1 15
184 52 1
185 1 13
186 192 6
187 9 19
188 1 24
189 119 20
190 30 11
191 2 10
192 16 24
193 183 25
194 1 8
195 1 25
196 1 25
197 52 20
198 1 5
199 320 9
200 55 17
201 1 18
202 329 9
203 8 8
204 2 25
205 453 9
206 426 9
207 1 13
208 1 12
209 1 18
210 4 14
211 6 18
212 3 15
213 2 13
214 2 3
215 1 9
216 1 2
217 4 12
218 1 4
219 27 7
220 1 24
221 94 1
222 3 24
223 7 11
224 1 13
225 384 8
226 1 15
227 2 15
228 1 24
229 15 16
230 3 7
231 2 25
232 1 14
233 11 16
234 2 16
235 1 18
236 1 4
237 26 2
238 1 4
239 1 18
240 8 22
241 60 9
242 136 5
243 3 8
244 2 7
245 1 8
246 6 21
247 56 5
248 1 2
249 6 9
250 24 24
251 221 25
252 6 8
253 1 12
254 16 20
255 1 16
256 1 12
257 4 23
258 1 1
259 2 9
260 1 8
261 42 7
262 2 22
263 19 12
264 1 15
265 1 3
266 22 7
267 12 25
268 1 25
269 12 14
270 7 4
271 1 12
272 2 17
273 2 25
274 1 7
275 4 16
276 32 6
277 6 7
278 314 21
279 243 10
280 32 11
281 3 22
282 2 19
283 1 18
284 4 25
285 18 12
286 31 13
287 2 23
288 264 16
289 6 22
290 81 19
291 44 9
292 14 25
293 1 6
294 2 22
295 9 1
296 1 6
297 13 2
298 3 25
299 4 23
300 1 6
301 5 1
302 3 19
303 243 16
304 1 20
305 1 16
306 4 12
307 157 15
308 30 23
309 32 16
310 2 21
311 2 15
312 1 5
313 4 22
314 4 19
315 1 16
316 2 18
317 30 19
318 181 2
319 14 21
320 1 17
321 8 19
322 59 20
323 1 5
324 3 25
325 2 24
326 1 13
327 1 17
328 1 14
329 2 10
330 1 9
331 1 19
332 1 12
333 7 20
334 55 13
335 61 2
336 4 8
337 5 17
338 3 23
339 8 19
340 1 5
341 1 19
342 6 19
343 320 10
344 62 14
345 1 16
346 1 11
347 2 6
348 7 11
349 4 1
350 331 4
351 1 9
352 4 13
353 1 7
354 1 17
355 3 20
356 3 20
357 1 4
358 1 9
359 2 1
360 3 17
361 19 19
362 2 9
363 312 20
364 1 14
365 2 11
366 331 25
367 1 20
368 4 3
369 2 23
370 187 14
371 3 16
372 6 17
373 4 24
374 2 9
375 3 23
376 486 16
377 5 7
378 1 15
379 1 7
380 1 3
381 2 13
382 1 19
383 7 8
384 6 16
385 3 2
386 1 16
387 3 22
388 1 13
389 19 12
390 1 4
391 3 11
392 59 2
393 1 22
394 1 9
395 2 2
396 442 4
397 1 20
398 158 1
399 339 11
400 73 18
401 4 15
402 1 19
403 3 9
404 11 15
405 1 15
406 3 2
407 1 12
408 15 1
409 2 4
410 1 8
411 1 22
412 2 11
413 1 22
414 1 3
415 1 10
416 3 16
417 4 21
418 1 24
419 3 18
420 8 9
421 1 25
422 1 1
423 7 23
424 7 2
425 424 3
426 1 7
427 1 13
428 1 17
429 261 3
430 9 5
431 2 12
432 1 19
433 358 14
434 1 5
435 9 25
436 1 16
437 11 17
438 1 16
439 486 9
440 4 19
441 1 15
442 76 5
443 78 9
444 31 18
445 1 21
446 17 12
447 13 8
448 118 13
449 1 19
450 25 8
451 43 20
452 1 9
453 16 22
454 9 21
455 2 6
456 69 14
457 8 7
458 30 8
459 36 19
460 1 19
461 28 18
462 9 13
463 1 2
464 17 10
465 4 15
466 500 12
467 3 20
468 2 18
469 2 12
470 348 18
471 1 6
472 3 13
473 1 14
474 1 12
475 2 22
476 1 6
477 1 16
478 31 20
479 21 4
480 2 7
481 7 5
482 495 9
483 1 5
484 1 8
485 133 21
486 99 19
487 7 13
488 10 18
489 2 22
490 1 4
491 7 20
492 1 18
493 26 12
494 3 7
495 104 9
496 1 3
497 3 1
498 1 2
499 1 7
500 1 24
501 30 19
502 1 19
503 1 22
504 1 1
505 1 16
506 13 13
507 75 8
508 29 1
509 112 19
510 155 5
511 5 24
512 14 9
513 6 3
514 1 7
515 1 24
516 2 6
517 1 9
518 1 19
519 1 7
520 1 8
521 1 22
522 20 4
523 18 10
524 105 19
525 1 20
526 3 12
527 2 1
528 4 1
529 1 16
530 11 1
531 167 19
532 4 9
533 1 24
534 26 17
535 2 25
536 2 20
537 8 17
538 1 11
539 1 22
540 302 4
541 1 20
542 511 22
543 2 7
544 116 22
545 233 19
546 5 19
547 1 10
548 24 8
549 62 9
550 129 3
551 485 19
552 1 19
553 4 16
554 194 14
555 24 21
556 59 24
557 16 24
558 2 12
559 2 2
560 1 19
561 1 25
562 1 11
563 55 12
564 56 11
565 1 23
566 62 3
567 6 23
568 15 22
569 285 3
570 14 4
571 64 7
572 26 17
573 1 11
574 1 25
575 1 14
576 1 3
577 1 6
578 3 15
579 1 11
580 1 23
581 4 18
582 121 9
583 1 9
584 237 16
585 1 11
586 2 3
587 246 13
588 2 13
589 3 4
590 2 18
591 5 8
592 1 11
593 5 6
594 7 13
595 3 10
596 4 7
597 5 12
598 131 10
599 1 24
600 250 11
601 1 11
602 1 19
603 1 6
604 1 23
605 4 15
606 1 5
607 6 7
608 104 16
609 16 8
610 59 15
611 1 5
612 151 13
613 1 19
614 13 5
615 54 10
616 413 20
617 7 8
618 1 7
619 49 14
620 453 10
621 107 17
622 4 14
623 1 6
624 210 23
625 35 16
626 151 22
627 3 17
628 2 22
629 2 17
630 6 3
631 1 8
632 4 3
633 6 22
634 1 12
635 1 24
636 1 18
637 1 21
638 2 12
639 1 5
640 1 7
641 2 8
642 6 11
643 1 22
644 9 14
645 2 9
646 1 9
647 1 15
648 61 21
649 460 5
650 4 8
651 3 16
652 1 22
653 1 18
654 4 1
655 118 1
656 198 3
657 41 12
658 2 11
659 312 10
660 3 25
661 2 15
662 34 18
663 1 19
664 2 5
665 1 5
666 3 23
667 3 7
668 1 11
669 7 7
670 8 12
671 2 23
672 119 23
673 38 15
674 8 17
675 445 24
676 1 1
677 1 1
678 1 21
679 28 13
680 217 16
681 30 22
682 2 13
683 1 18
684 1 24
685 1 3
686 3 21
687 2 11
688 1 12
689 1 22
690 1 12
691 15 24
692 47 15
693 1 5
694 1 17
695 1 17
696 1 25
697 1 2
698 23 21
699 50 9
700 1 15
701 7 25
702 40 20
703 3 24
704 2 4
705 2 17
706 389 21
707 3 20
708 422 24
709 88 14
710 2 6
711 218 22
712 17 18
713 4 8
714 3 20
715 1 2
716 60 25
717 3 22
718 1 14
719 3 9
720 7 6
721 1 9
722 5 7
723 31 25
724 58 6
725 15 4
726 2 17
727 8 19
728 1 15
729 16 9
730 30 23
731 507 17
732 29 12
733 77 17
734 1 7
735 107 8
736 1 16
737 2 20
738 434 24
739 1 25
740 1 23
741 1 21
742 157 13
743 1 15
744 7 14
745 431 9
746 2 12
747 9 23
748 4 5
749 1 25
750 1 7
751 1 17
752 5 1
753 7 22
754 1 17
755 18 23
756 1 20
757 8 4
758 1 24
759 2 11
760 4 15
761 9 9
762 1 8
763 1 19
764 92 20
765 4 16
766 9 24
767 2 3
768 1 24
769 63 1
770 20 11
771 1 15
772 1 21
773 7 14
774 2 13
775 2 16
776 4 5
777 18 6
778 1 25
779 4 18
780 2 4
781 106 21
782 104 19
783 1 25
784 1 24
785 112 8
786 1 18
787 1 7
788 1 4
789 2 4
790 2 25
791 1 8
792 240 10
793 355 7
794 1 16
795 23 7
796 3 9
797 1 5
798 4 22
799 4 20
800 7 9
801 17 1
802 6 14
803 3 21
804 2 24
805 2 13
806 375 18
807 1 17
808 6 24
809 4 14
810 1 2
811 1 21
812 1 9
813 16 19
814 1 6
815 1 6
816 124 6
817 1 13
818 1 1
819 329 14
820 1 23
821 26 17
822 1 21
823 1 25
824 14 6
825 1 8
826 8 13
827 1 15
828 2 5
829 8 16
830 7 8
831 1 14
832 1 17
833 14 1
834 17 5
835 3 24
836 1 19
837 112 2
838 1 12
839 2 17
840 24 21
841 2 13
842 46 25
843 65 14
844 155 14
845 2 6
846 2 21
847 1 7
848 4 1
849 1 23
850 2 3
851 9 21
852 285 24
853 1 8
854 2 22
855 264 1
856 2 22
857 1 4
858 1 7
859 1 21
860 1 3
861 10 10
862 13 17
863 1 4
864 1 23
865 2 16
866 1 11
867 2 22
868 6 3
869 1 20
870 1 12
871 1 17
872 1 23
873 1 15
874 1 22
875 1 1
876 32 19
877 5 6
878 1 11
879 26 7
880 1 6
881 7 12
882 2 1
883 30 9
884 36 23
885 1 5
886 1 12
887 4 17
888 30 9
889 1 15
890 227 17
891 2 13
892 52 12
893 356 24
894 8 23
895 1 4
896 5 6
897 1 2
898 41 3
899 1 8
900 8 2
901 429 22
902 3 19
903 226 2
904 1 22
905 5 6
906 1 1
907 2 8
908 2 20
909 8 13
910 2 10
911 252 8
912 1 21
913 1 6
914 175 18
915 3 24
916 2 24
917 1 13
918 2 19
919 3 5
920 113 7
921 72 14
922 2 18
923 3 5
924 442 25
925 50 3
926 125 25
927 2 8
928 108 5
929 1 21
930 5 3
931 1 1
932 15 10
933 6 7
934 3 11
935 16 12
936 15 22
937 1 4
938 1 20
939 1 14
940 1 19
941 1 12
942 1 20
943 2 2
944 2 16
945 2 23
946 1 3
947 15 13
948 8 20
949 2 21
950 4 25
951 2 11
952 1 20
953 2 24
954 62 18
955 2 21
956 3 22
957 1 19
958 1 11
959 435 7
960 1 11
961 370 14
962 1 1
963 1 17
964 30 3
965 8 25
966 8 24
967 1 9
968 252 15
969 30 24
970 2 18
971 7 17
972 38 13
973 2 18
974 1 20
975 1 22
976 13 25
977 51 1
978 276 10
979 2 13
980 1 5
981 1 2
982 1 19
983 23 21
984 164 17
985 1 7
986 1 18
987 1 9
988 3 15
989 1 8
990 2 23
991 1 12
992 1 3
993 450 12
994 2 11
995 3 24
996 16 19
997 408 5
998 405 17
999 29 17
1000 4 24
1001 5 24
1002 3 17
1003 30 7
1004 82 18
1005 1 23
1006 23 8
1007 21 19
1008 1 25
1009 3 7
1010 12 19
1011 1 2
1012 18 9
1013 1 9
1014 57 8
1015 4 9
1016 2 10
1017 1 8
1018 2 4
1019 104 15
1020 3 17
1021 90 2
1022 3 22
1023 2 12
1024 27 25
1025 173 18
1026 4 22
1027 23 10
1028 1 10
1029 150 11
1030 8 24
1031 7 19
1032 32 21
1033 6 2
1034 32 6
1035 15 16
1036 2 21
1037 19 1
1038 360 25
1039 1 16
1040 2 2
1041 8 23
1042 13 22
1043 304 10
1044 22 14
1045 1 11
1046 4 18
1047 1 16
1048 462 3
1049 1 4
1050 1 6
1051 2 3
1052 2 15
1053 1 14
1054 1 22
1055 53 19
1056 2 14
1057 7 23
1058 1 2
1059 122 19
1060 1 15
1061 13 19
1062 101 11
1063 313 21
1064 4 2
1065 1 14
1066 179 25
1067 13 20
1068 1 16
1069 20 1
1070 40 4
1071 4 4
1072 4 20
1073 39 8
1074 1 22
1075 1 5
1076 2 20
1077 131 22
1078 4 13
1079 1 5
1080 1 23
1081 16 14
1082 5 9
1083 28 2
1084 1 21
1085 1 11
1086 189 16
1087 8 15
1088 1 17
1089 118 23
1090 2 1
1091 4 19
1092 1 19
1093 6 15
1094 2 25
1095 1 7
1096 9 3
1097 2 20
1098 2 17
1099 4 22
1100 144 9
1101 1 1
1102 81 7
1103 240 24
1104 2 6
1105 1 10
1106 4 19
1107 29 7
1108 1 4
1109 37 2
1110 1 6
1111 2 1
1112 2 13
1113 188 11
1114 1 6
1115 1 5
1116 11 1
1117 1 17
1118 2 5
1119 25 18
1120 1 11
1121 2 20
1122 1 13
1123 86 15
1124 3 10
1125 1 7
1126 309 5
1127 1 1
1128 375 21
1129 1 6
1130 232 3
1131 2 12
1132 6 8
1133 3 13
1134 6 8
1135 16 21
1136 22 24
1137 2 14
1138 3 15
1139 1 23
1140 2 3
1141 4 1
1142 6 10
1143 52 10
1144 1 9
1145 2 14
1146 2 5
1147 1 8
1148 2 16
1149 16 7
1150 4 21
1151 2 8
1152 1 21
1153 30 2
1154 1 25
1155 4 21
1156 2 21
1157 7 8
1158 2 8
1159 1 21
1160 2 22
1161 1 20
1162 2 1
1163 1 18
1164 1 5
1165 1 22
1166 1 3
1167 6 18
1168 2 6
1169 177 11
1170 1 21
1171 43 8
1172 1 6
1173 27 13
1174 21 19
1175 123 7
1176 1 10
1177 1 24
1178 3 6
1179 4 19
1180 4 24
1181 1 21
1182 3 21
1183 1 1
1184 3 22
1185 4 8
1186 1 19
1187 359 24
1188 3 3
1189 511 22
1190 2 10
1191 7 14
1192 11 22
1193 40 24
1194 1 7
1195 46 24
1196 26 16
1197 1 20
1198 1 25
1199 1 20
1200 512 12
1201 2 2
1202 83 22
1203 2 7
1204 2 17
1205 31 1
1206 12 21
1207 4 18
1208 31 21
1209 53 18
1210 113 10
1211 1 20
1212 2 23
1213 1 6
1214 1 2
1215 1 3
1216 1 8
1217 1 13
1218 3 17
1219 1 17
1220 2 2
1221 252 21
1222 1 13
1223 1 4
1224 6 3
1225 1 12
1226 1 6
1227 1 14
1228 1 10
1229 1 11
1230 1 2
1231 2 22
1232 6 10
1233 15 2
1234 29 9
1235 1 1
1236 7 14
1237 3 8
1238 1 4
1239 238 15
1240 6 8
1241 126 16
1242 56 24
1243 12 22
1244 136 18
1245 1 24
1246 9 15
1247 17 23
1248 1 22
1249 6 22
1250 8 2
1251 2 25
1252 285 9
1253 8 25
1254 31 3
1255 3 4
1256 24 11
1257 5 3
1258 390 8
1259 1 13
1260 1 3
1261 2 9
1262 3 6
1263 194 3
1264 407 24
1265 10 5
1266 4 9
1267 2 19
1268 24 15
1269 1 20
1270 1 18
1271 16 9
1272 1 8
1273 3 17
1274 23 22
1275 15 4
1276 1 14
1277 1 3
1278 1 14
1279 1 21
1280 12 14
1281 359 3
1282 32 17
1283 8 18
1284 329 23
1285 460 6
1286 4 4
1287 268 8
1288 81 6
1289 1 17
1290 1 14
1291 1 15
1292 1 5
1293 1 12
1294 23 23
1295 6 7
1296 1 11
1297 1 14
1298 76 1
1299 1 1
1300 1 14
1301 4 8
1302 1 23
1303 1 11
1304 1 23
1305 1 4
1306 394 17
1307 424 17
1308 2 10
1309 1 16
1310 374 23
1311 437 1
1312 4 17
1313 49 4
1314 49 17
1315 4 24
1316 5 17
1317 202 17
1318 1 20
1319 4 23
1320 2 13
1321 2 6
1322 1 13
1323 2 12
1324 2 7
1325 30 25
1326 1 3
1327 2 6
1328 1 7
1329 1 23
1330 1 16
1331 1 23
1332 4 22
1333 4 11
1334 455 9
1335 1 11
1336 7 20
1337 358 12
1338 2 7
1339 47 21
1340 1 20
1341 1 15
1342 1 12
1343 1 11
1344 61 17
1345 28 3
1346 6 4
1347 7 16
1348 3 4
1349 1 3
1350 1 6
1351 127 17
1352 13 20
1353 1 23
1354 1 24
1355 1 8
1356 2 12
1357 2 6
1358 9 1
1359 252 24
1360 1 8
1361 1 12
1362 3 17
1363 115 16
1364 191 3
1365 33 22
1366 79 20
1367 1 5
1368 407 24
1369 5 8
1370 2 19
1371 3 9
1372 1 20
1373 3 15
1374 9 21
1375 479 8
1376 108 6
1377 72 16
1378 3 6
1379 58 7
1380 16 6
1381 1 23
1382 2 18
1383 1 18
1384 151 1
1385 1 23
1386 1 10
1387 1 9
1388 48 22
1389 3 19
1390 31 9
1391 1 12
1392 1 14
1393 1 9
1394 2 22
1395 1 14
1396 32 16
1397 1 25
1398 1 19
1399 3 21
1400 369 16
1401 1 12
1402 35 17
1403 87 23
1404 2 16
1405 9 17
1406 1 10
1407 1 16
1408 1 15
1409 41 7
1410 11 10
1411 5 23
1412 1 9
1413 1 20
1414 1 19
1415 50 11
1416 386 16
1417 19 25
1418 5 25
1419 24 3
1420 1 21
1421 1 10
1422 55 16
1423 2 3
1424 10 14
1425 1 2
1426 2 15
1427 6 16
1428 1 2
1429 1 6
1430 1 10
1431 1 2
1432 1 5
1433 1 18
1434 4 20
1435 6 1
1436 1 4
1437 2 2
1438 1 15
1439 2 20
1440 64 10
1441 2 13
1442 2 4
1443 4 12
1444 25 24
1445 1 11
1446 2 22
1447 30 21
1448 4 16
1449 2 18
1450 1 23
1451 1 7
1452 2 10
1453 5 20
1454 46 6
1455 323 16
1456 23 2
1457 1 17
1458 1 11
1459 12 3
1460 14 9
1461 480 3
1462 1 3
1463 1 24
1464 4 13
1465 1 21
1466 1 11
1467 1 14
1468 100 3
1469 199 11
1470 2 3
1471 63 24
1472 7 23
1473 245 11
1474 1 10
1475 2 16
1476 1 6
1477 11 8
1478 1 24
1479 13 18
1480 2 6
1481 1 14
1482 9 6
1483 1 14
1484 1 8
1485 26 3
1486 12 22
1487 14 6
1488 1 18
1489 348 1
1490 308 20
1491 16 1
1492 2 13
1493 2 15
1494 1 12
1495 1 7
1496 17 23
1497 28 13
1498 75 22
1499 1 10
1500 3 18
1501 34 9
1502 1 19
1503 2 15
1504 1 24
1505 67 12
1506 1 11
1507 10 13
1508 30 1
1509 1 7
1510 1 12
1511 4 3
1512 1 18
1513 1 2
1514 2 4
1515 2 8
1516 1 13
1517 4 11
1518 4 17
1519 80 2
1520 292 20
1521 4 9
1522 3 10
1523 64 24
1524 1 1
1525 19 8
1526 1 16
1527 1 23
1528 2 11
1529 70 7
1530 28 23
1531 121 17
1532 20 25
1533 1 19
1534 1 21
1535 1 12
1536 1 8
1537 1 6
1538 2 14
1539 6 19
1540 45 19
1541 10 20
1542 3 25
1543 1 15
1544 2 12
1545 281 3
1546 2 23
1547 2 17
1548 7 17
1549 7 17
1550 1 4
1551 12 4
1552 4 13
1553 21 6
1554 1 16
1555 1 22
1556 2 9
1557 1 19
1558 3 20
1559 1 25
1560 1 18
1561 356 25
1562 30 11
1563 1 23
1564 77 7
1565 2 16
1566 1 17
1567 3 7
1568 3 1
1569 1 4
1570 215 8
1571 58 2
1572 7 20
1573 13 25
1574 1 9
1575 1 13
1576 3 14
1577 25 2
1578 6 6
1579 61 15
1580 162 14
1581 45 10
1582 43 10
1583 99 19
1584 23 23
1585 1 20
1586 5 9
1587 1 17
1588 332 2
1589 9 4
1590 499 22
1591 4 1
1592 1 16
1593 2 12
1594 2 20
1595 1 18
1596 28 9
1597 16 8
1598 2 5
1599 208 23
1600 7 5
1601 443 6
1602 2 19
1603 9 5
1604 71 5
1605 1 4
1606 1 7
1607 13 10
1608 4 14
1609 65 5
1610 12 7
1611 96 8
1612 1 12
1613 10 13
1614 2 10
1615 500 8
1616 3 12
1617 1 13
1618 4 16
1619 13 14
1620 14 14
1621 1 10
1622 1 9
1623 14 6
1624 2 23
1625 8 16
1626 1 11
1627 1 21
1628 1 12
1629 1 7
1630 356 15
1631 1 16
1632 5 13
1633 1 12
1634 3 8
1635 38 13
1636 74 23
1637 8 21
1638 107 12
1639 1 1
1640 362 13
1641 18 7
1642 437 16
1643 16 9
1644 12 11
1645 1 18
1646 6 4
1647 2 22
1648 1 1
1649 77 14
1650 1 9
1651 1 3
1652 9 15
1653 1 18
1654 356 14
1655 18 1
1656 1 19
1657 1 4
1658 4 16
1659 2 8
1660 444 8
1661 2 9
1662 2 23
1663 2 8
1664 1 7
1665 2 21
1666 373 22
1667 430 12
1668 1 5
1669 1 4
1670 5 14
1671 2 6
1672 2 12
1673 8 5
1674 508 15
1675 1 18
1676 1 15
1677 1 15
1678 1 23
1679 2 11
1680 160 12
1681 1 14
1682 3 23
1683 2 17
1684 43 20
1685 1 7
1686 10 7
1687 1 13
1688 81 9
1689 6 6
1690 68 12
1691 439 3
1692 2 17
1693 46 3
1694 1 17
1695 1 5
1696 2 14
1697 1 2
1698 15 13
1699 1 17
1700 116 2
1701 15 1
1702 1 25
1703 11 9
1704 1 5
1705 1 3
1706 1 10
1707 1 24
1708 1 19
1709 2 11
1710 1 21
1711 1 10
1712 1 1
1713 206 6
1714 1 15
1715 201 18
1716 3 21
1717 80 11
1718 15 15
1719 1 4
1720 1 2
1721 1 9
1722 2 19
1723 2 25
1724 1 15
1725 1 9
1726 3 21
1727 3 11
1728 1 17
1729 51 13
1730 4 24
1731 30 8
1732 33 16
1733 467 3
1734 1 14
1735 4 12
1736 4 21
1737 45 12
1738 1 24
1739 190 17
1740 1 25
1741 1 12
1742 3 4
1743 2 25
1744 1 10
1745 19 19
1746 1 23
1747 1 15
1748 1 11
1749 1 18
1750 2 3
1751 81 24
1752 1 24
1753 1 16
1754 1 6
1755 1 1
1756 8 13
1757 4 7
1758 1 14
1759 1 23
1760 159 2
1761 4 2
1762 90 19
1763 1 10
1764 2 22
1765 20 4
1766 149 23
1767 1 21
1768 346 1
1769 162 15
1770 180 16
1771 1 9
1772 2 15
1773 1 21
1774 1 25
1775 4 16
1776 294 14
1777 56 25
1778 12 20
1779 4 10
1780 1 13
1781 1 13
1782 30 21
1783 14 12
1784 8 24
1785 11 13
1786 1 17
1787 4 10
1788 1 4
1789 1 12
1790 1 1
1791 5 21
1792 238 3
1793 1 20
1794 2 6
1795 331 17
1796 9 11
1797 2 10
1798 124 12
1799 1 16
1800 123 15
1801 1 1
1802 1 17
1803 45 17
1804 1 5
1805 6 22
1806 2 5
1807 2 20
1808 402 14
1809 2 5
1810 1 15
1811 215 13
1812 20 17
1813 15 9
1814 1 18
1815 4 1
1816 450 13
1817 289 16
1818 4 19
1819 1 11
1820 2 13
1821 1 8
1822 23 4
1823 1 12
1824 1 13
1825 2 13
1826 1 5
1827 1 11
1828 503 7
1829 1 16
1830 2 2
1831 1 20
1832 79 2
1833 1 2
1834 1 14
1835 4 13
1836 7 14
1837 7 21
1838 6 8
1839 1 24
1840 2 6
1841 28 3
1842 1 2
1843 1 17
1844 1 2
1845 16 2
1846 29 10
1847 86 1
1848 23 21
1849 15 19
1850 2 5
1851 298 17
1852 1 18
1853 1 7
1854 2 5
1855 102 11
1856 250 12
1857 1 16
1858 18 7
1859 276 4
1860 1 17
1861 1 4
1862 104 15
1863 1 11
1864 8 6
1865 8 22
1866 12 11
1867 133 7
1868 1 23
1869 50 5
1870 15 1
1871 1 20
1872 192 15
1873 176 23
1874 1 1
1875 20 22
1876 3 6
1877 1 8
1878 63 21
1879 6 3
1880 1 4
1881 1 23
1882 4 12
1883 188 24
1884 1 20
1885 3 11
1886 151 7
1887 3 14
1888 320 24
1889 1 10
1890 384 24
1891 389 21
1892 1 23
1893 61 12
1894 171 2
1895 365 16
1896 8 1
1897 2 14
1898 1 5
1899 2 2
1900 6 9
1901 1 23
1902 22 13
1903 7 25
1904 1 15
1905 1 17
1906 1 10
1907 3 9
1908 1 2
1909 1 16
1910 2 8
1911 1 18
1912 2 21
1913 1 19
1914 2 19
1915 1 3
1916 1 4
1917 1 21
1918 1 17
1919 21 19
1920 9 24
1921 2 25
1922 3 7
1923 172 20
1924 477 10
1925 400 3
1926 7 14
1927 450 25
1928 360 11
1929 1 1
1930 3 12
1931 1 22
1932 4 14
1933 1 6
1934 254 25
1935 118 10
1936 1 17
1937 5 21
1938 3 6
1939 2 10
1940 2 1
1941 297 18
1942 13 16
1943 100 19
1944 251 22
1945 8 19
1946 1 20
1947 33 2
1948 2 5
1949 4 21
1950 5 25
1951 1 16
1952 3 15
1953 1 24
1954 46 25
1955 3 1
1956 8 6
1957 417 14
1958 36 13
1959 1 25
1960 1 7
1961 1 12
1962 1 3
1963 437 14
1964 9 9
1965 15 15
1966 1 14
1967 29 10
1968 6 22
1969 1 2
1970 2 14
1971 2 1
1972 10 4
1973 1 5
1974 1 5
1975 33 19
1976 1 10
1977 30 7
1978 1 1
1979 1 9
1980 31 9
1981 1 8
1982 1 1
1983 4 13
1984 1 20
1985 4 10
1986 5 1
1987 1 9
1988 1 3
1989 1 7
1990 2 13
1991 53 6
1992 1 6
1993 1 20
1994 1 18
1995 15 23
1996 1 5
1997 1 5
1998 2 23
1999 2 13
2000 1 23
2001 2 1
2002 1 5
2003 40 7
2004 6 5
2005 41 19
2006 419 19
2007 32 14
2008 9 10
2009 1 24
2010 16 20
2011 1 4
2012 61 24
2013 1 15
2014 70 23
2015 2 18
2016 39 1
2017 13 23
2018 4 13
2019 2 14
2020 5 8
2021 2 22
2022 1 16
2023 123 18
2024 16 25
2025 1 12
2026 75 17
2027 2 13
2028 3 24
2029 1 24
2030 2 12
2031 1 15
2032 1 6
2033 190 4
2034 282 19
2035 8 7
2036 1 4
2037 27 23
2038 1 9
2039 126 25
2040 418 21
2041 2 14
2042 1 16
2043 4 3
2044 15 22
2045 499 5
2046 29 13
2047 2 6
2048 5 16
2049 1 21
2050 1 6
2051 18 1
2052 1 2
2053 1 11
2054 1 6
2055 1 12
2056 5 13
2057 2 23
2058 5 13
2059 9 15
2060 2 5
2061 2 6
2062 398 25
2063 1 21
2064 1 8
2065 168 2
2066 1 4
2067 310 19
2068 2 16
2069 3 18
2070 6 23
2071 3 22
2072 1 15
2073 1 10
2074 109 15
2075 2 24
2076 45 6
2077 10 25
2078 1 20
2079 1 2
2080 6 3
2081 2 16
2082 4 11
2083 20 1
2084 2 17
2085 1 17
2086 1 1
2087 1 8
2088 309 23
2089 2 23
2090 220 19
2091 3 17
2092 2 18
2093 17 15
2094 210 5
2095 3 23
2096 14 2
2097 2 14
2098 1 10
2099 4 15
2100 60 15
2101 1 17
2102 1 21
2103 133 14
2104 297 25
2105 6 3
2106 1 3
2107 4 18
2108 478 1
2109 7 12
2110 7 3
2111 12 3
2112 3 4
2113 8 23
2114 1 23
2115 2 14
2116 6 10
2117 1 17
2118 412 13
2119 1 23
2120 28 18
2121 150 25
2122 1 22
2123 1 15
2124 1 25
2125 256 22
2126 1 8
2127 1 15
2128 8 3
2129 5 14
2130 2 23
2131 1 10
2132 1 16
2133 1 18
2134 1 12
2135 1 13
2136 156 19
2137 138 23
2138 9 24
2139 31 11
2140 1 15
2141 2 18
2142 1 10
2143 15 21
2144 1 16
2145 86 4
2146 11 8
2147 143 22
2148 1 19
2149 1 23
2150 238 1
2151 102 7
2152 7 1
2153 1 17
2154 81 23
2155 2 10
2156 1 12
2157 1 24
2158 1 8
2159 28 5
2160 111 22
2161 4 15
2162 1 20
2163 6 6
2164 1 14
2165 1 3
2166 31 13
2167 1 22
2168 1 5
2169 13 3
2170 1 14
2171 475 16
2172 64 9
2173 1 3
2174 6 18
2175 1 2
2176 2 10
2177 107 18
2178 2 24
2179 7 19
2180 320 19
2181 1 18
2182 1 7
2183 40 4
2184 1 16
2185 60 10
2186 508 1
2187 185 14
2188 6 4
2189 10 4
2190 23 6
2191 1 25
2192 5 22
2193 63 23
2194 1 21
2195 55 5
2196 2 16
2197 314 19
2198 17 2
2199 3 25
2200 8 5
2201 3 11
2202 19 18
2203 456 23
2204 1 9
2205 1 1
2206 259 21
2207 5 8
2208 2 12
2209 213 18
2210 498 8
2211 1 13
2212 3 11
2213 494 1
2214 2 11
2215 1 23
2216 198 19
2217 1 1
2218 2 11
2219 2 15
2220 378 17
2221 2 12
2222 3 21
2223 4 5
2224 1 2
2225 146 11
2226 1 22
2227 4 23
2228 1 24
2229 20 23
2230 1 8
2231 4 19
2232 2 5
2233 1 10
2234 4 5
2235 1 14
2236 448 16
2237 2 5
2238 1 19
2239 1 10
2240 1 22
2241 8 7
2242 2 10
2243 42 16
2244 12 23
2245 98 15
2246 59 9
2247 1 18
2248 1 17
2249 1 4
2250 3 25
2251 1 18
2252 24 3
2253 2 10
2254 3 15
2255 3 4
2256 1 6
2257 1 16
2258 1 20
2259 4 21
2260 1 4
2261 1 25
2262 235 5
2263 1 12
2264 23 15
2265 1 15
2266 2 22
2267 1 22
2268 1 24
2269 1 6
2270 1 19
2271 403 18
2272 2 20
2273 121 14
2274 1 7
2275 38 12
2276 61 16
2277 6 18
2278 1 17
2279 1 18
2280 107 4
2281 2 1
2282 1 4
2283 17 9
2284 2 9
2285 1 15
2286 1 7
2287 114 4
2288 3 24
2289 1 11
2290 2 7
2291 38 12
2292 40 25
2293 2 10
2294 15 6
2295 14 19
2296 245 12
2297 2 20
2298 14 19
2299 3 8
2300 2 8
2301 6 18
2302 107 1
2303 1 20
2304 2 2
2305 1 3
2306 12 5
2307 1 18
2308 1 14
2309 20 12
2310 1 15
2311 2 14
2312 5 2
2313 4 16
2314 5 4
2315 3 2
2316 19 23
2317 1 2
2318 1 15
2319 159 5
2320 12 24
2321 1 6
2322 1 24
2323 2 1
2324 57 7
2325 12 10
2326 3 3
2327 48 21
2328 1 2
2329 463 13
2330 5 18
2331 2 18
2332 1 5
2333 2 11
2334 14 18
2335 1 20
2336 8 11
2337 1 1
2338 1 2
2339 1 19
2340 2 4
2341 2 5
2342 2 9
2343 1 10
2344 418 5
2345 59 1
2346 1 23
2347 1 25
2348 2 4
2349 43 22
2350 17 24
2351 1 17
2352 4 5
2353 1 11
2354 29 10
2355 1 18
2356 1 12
2357 40 2
2358 1 10
2359 115 7
2360 1 7
2361 1 5
2362 1 3
2363 4 13
2364 1 19
2365 1 15
2366 1 13
2367 1 22
2368 1 17
2369 2 13
2370 1 6
2371 7 4
2372 324 6
2373 2 4
2374 3 17
2375 7 17
2376 23 20
2377 24 18
2378 2 23
2379 58 6
2380 43 3
2381 2 25
2382 87 20
2383 1 3
2384 13 21
2385 337 22
2386 5 17
2387 82 21
2388 12 18
2389 3 21
2390 2 17
2391 169 3
2392 1 7
2393 1 4
2394 2 19
2395 1 7
2396 5 6
2397 61 1
2398 1 24
2399 17 7
2400 3 10
2401 3 20
2402 22 7
2403 8 12
2404 16 9
2405 3 25
2406 44 21
2407 1 5
2408 11 17
2409 2 12
2410 6 15
2411 2 24
2412 1 22
2413 2 19
2414 4 14
2415 315 6
2416 31 9
2417 77 5
2418 119 18
2419 3 18
2420 51 14
2421 2 14
2422 14 3
2423 89 24
2424 3 25
2425 2 22
2426 8 24
2427 1 13
2428 1 19
2429 1 24
2430 1 12
2431 2 11
2432 4 4
2433 1 18
2434 13 19
2435 2 8
2436 2 20
2437 7 12
2438 13 5
2439 100 5
2440 141 11
2441 372 22
2442 4 18
2443 502 13
2444 27 17
2445 1 8
2446 19 5
2447 15 4
2448 1 25
2449 43 2
2450 32 23
2451 14 7
2452 2 3
2453 12 17
2454 2 19
2455 325 9
2456 4 8
2457 35 18
2458 3 6
2459 21 23
2460 2 2
2461 205 21
2462 1 6
2463 2 5
2464 2 25
2465 4 17
2466 11 2
2467 4 3
2468 57 22
2469 1 7
2470 352 17
2471 2 23
2472 1 1
2473 1 6
2474 307 19
2475 5 12
2476 2 15
2477 1 3
2478 2 11
2479 1 5
2480 1 4
2481 1 5
2482 440 1
2483 4 13
2484 1 6
2485 1 9
2486 1 24
2487 46 8
2488 1 12
2489 1 2
2490 1 17
2491 12 6
2492 1 2
2493 1 17
2494 47 15
2495 1 22
2496 41 7
2497 1 4
2498 1 24
2499 1 13
2500 16 23
2501 1 19
2502 1 7
2503 5 25
2504 2 18
2505 1 15
2506 2 23
2507 8 9
2508 1 10
2509 15 24
2510 2 7
2511 16 15
2512 2 14
2513 28 9
2514 43 10
2515 2 15
2516 16 7
2517 7 7
2518 15 18
2519 2 22
2520 2 2
2521 10 17
2522 7 13
2523 109 18
2524 2 17
2525 5 7
2526 183 8
2527 1 8
2528 1 4
2529 1 2
2530 11 18
2531 1 22
2532 285 23
2533 1 7
2534 6 6
2535 1 14
2536 1 1
2537 1 20
2538 151 12
2539 330 9
2540 2 10
2541 1 6
2542 4 4
2543 2 11
2544 1 7
2545 438 22
2546 1 6
2547 5 23
2548 2 22
2549 2 21
2550 105 7
2551 1 14
2552 1 15
2553 3 15
2554 2 17
2555 259 25
2556 1 10
2557 1 16
2558 1 20
2559 1 17
2560 72 25
2561 2 24
2562 3 13
2563 1 20
2564 1 18
2565 32 14
2566 40 9
2567 2 7
2568 1 15
2569 2 23
2570 1 4
2571 1 15
2572 1 21
2573 1 1
2574 1 11
2575 5 6
2576 4 15
2577 1 14
2578 186 19
2579 1 18
2580 2 24
2581 47 12
2582 2 18
2583 17 15
2584 1 22
2585 2 18
2586 1 9
2587 2 15
2588 1 11
2589 4 10
2590 21 16
2591 121 15
2592 15 1
2593 1 9
2594 1 17
2595 3 8
2596 12 14
2597 3 21
2598 9 10
2599 6 14
2600 6 6
2601 8 13
2602 1 24
2603 72 19
2604 1 21
2605 14 23
2606 3 16
2607 4 5
2608 1 25
2609 2 9
2610 3 19
2611 244 2
2612 348 12
2613 3 18
2614 1 16
2615 8 11
2616 2 18
2617 3 21
2618 245 12
2619 12 3
2620 1 4
2621 2 5
2622 1 3
2623 76 15
2624 89 24
2625 1 1
2626 1 25
2627 3 19
2628 113 23
2629 20 2
2630 1 16
2631 1 3
2632 1 19
2633 13 5
2634 7 20
2635 464 8
2636 16 13
2637 12 10
2638 5 19
2639 1 10
2640 468 17
2641 2 5
2642 3 14
2643 1 4
2644 251 15
2645 32 25
2646 1 19
2647 1 6
2648 2 25
2649 5 17
2650 1 5
2651 124 22
2652 260 4
2653 2 23
2654 1 15
2655 397 17
2656 189 23
2657 1 11
2658 1 10
2659 2 5
2660 2 10
2661 1 24
2662 151 25
2663 7 18
2664 2 6
2665 120 3
2666 1 24
2667 48 19
2668 1 17
2669 448 9
2670 9 7
2671 289 23
2672 1 5
2673 3 9
2674 102 8
2675 1 1
2676 183 18
2677 4 6
2678 18 4
2679 185 25
2680 1 20
2681 411 22
2682 1 4
2683 1 1
2684 93 22
2685 1 23
2686 272 6
2687 4 24
2688 34 5
2689 336 8
2690 2 23
2691 15 4
2692 81 6
2693 50 12
2694 1 21
2695 2 7
2696 1 4
2697 2 19
2698 107 5
2699 75 15
2700 30 23
2701 1 17
2702 2 10
2703 36 10
2704 4 16
2705 26 5
2706 3 9
2707 300 19
2708 34 7
2709 1 13
2710 6 16
2711 1 13
2712 49 9
2713 8 20
2714 269 14
2715 1 13
2716 1 22
2717 201 14
2718 312 14
2719 1 17
2720 19 6
2721 20 3
2722 4 19
2723 1 23
2724 6 16
2725 6 17
2726 8 5
2727 2 20
2728 1 15
2729 15 13
2730 5 18
2731 31 23
2732 13 11
2733 6 24
2734 39 5
2735 227 11
2736 1 6
2737 1 9
2738 496 5
2739 434 8
2740 2 15
2741 3 17
2742 1 15
2743 4 14
2744 4 18
2745 493 15
2746 45 16
2747 3 3
2748 1 8
2749 4 6
2750 467 11
2751 1 17
2752 15 15
2753 116 16
2754 5 12
2755 1 25
2756 366 7
2757 3 19
2758 16 11
2759 1 5
2760 4 12
2761 6 17
2762 157 17
2763 1 19
2764 1 22
2765 3 9
2766 30 3
2767 391 7
2768 7 22
2769 1 19
2770 1 24
2771 64 9
2772 60 2
2773 16 10
2774 5 12
2775 1 16
2776 1 22
2777 6 24
2778 2 3
2779 1 12
2780 3 8
2781 12 7
2782 15 3
2783 31 6
2784 2 9
2785 1 6
2786 1 18
2787 1 1
2788 16 7
2789 1 23
2790 24 5
2791 1 21
2792 77 2
2793 1 7
2794 2 25
2795 1 21
2796 1 3
2797 84 25
2798 1 21
2799 1 2
2800 15 19
2801 14 3
2802 2 10
2803 1 7
2804 1 10
2805 313 23
2806 233 12
2807 2 6
2808 326 15
2809 2 24
2810 12 25
2811 9 9
2812 1 13
2813 151 9
2814 3 5
2815 59 14
2816 231 25
2817 166 6
2818 1 14
2819 3 17
2820 1 7
2821 1 4
2822 4 10
2823 2 21
2824 1 19
2825 146 5
2826 243 11
2827 3 24
2828 3 22
2829 2 18
2830 1 17
2831 41 21
2832 1 21
2833 1 3
2834 1 13
2835 1 10
2836 123 1
2837 2 8
2838 1 5
2839 2 11
2840 2 6
2841 1 11
2842 1 18
2843 8 11
2844 201 6
2845 17 5
2846 1 12
2847 104 12
2848 1 20
2849 385 12
2850 3 22
2851 1 22
2852 3 7
2853 4 17
2854 5 2
2855 8 1
2856 1 5
2857 73 2
2858 40 16
2859 1 13
2860 2 6
2861 1 1
2862 13 24
2863 2 19
2864 172 6
2865 52 3
2866 4 23
2867 4 25
2868 3 19
2869 4 17
2870 32 1
2871 127 2
2872 4 7
2873 1 3
2874 1 9
2875 54 10
2876 7 9
2877 2 19
2878 20 5
2879 2 25
2880 3 25
2881 1 17
2882 5 16
2883 2 10
2884 4 23
2885 2 12
2886 334 23
2887 2 20
2888 1 24
2889 1 20
2890 14 16
2891 4 14
2892 1 23
2893 289 24
2894 1 23
2895 97 2
2896 2 24
2897 1 11
2898 54 11
2899 1 13
2900 1 8
2901 7 9
2902 2 1
2903 3 7
2904 2 21
2905 1 12
2906 164 12
2907 2 20
2908 196 20
2909 7 2
2910 471 2
2911 78 20
2912 1 9
2913 1 13
2914 2 10
2915 1 13
2916 4 21
2917 1 11
2918 2 16
2919 1 10
2920 496 24
2921 2 1
2922 8 2
2923 3 21
2924 1 23
2925 1 16
2926 91 22
2927 7 19
2928 1 14
2929 75 23
2930 1 3
2931 1 13
2932 1 18
2933 150 5
2934 1 2
2935 1 10
2936 17 2
2937 1 3
2938 7 8
2939 2 18
2940 3 15
2941 1 11
2942 8 2
2943 29 22
2944 42 12
2945 1 2
2946 1 25
2947 1 25
2948 1 4
2949 98 16
2950 28 24
2951 16 24
2952 9 18
2953 1 17
2954 2 21
2955 1 5
2956 2 23
2957 31 5
2958 8 6
2959 167 14
2960 3 23
2961 1 7
2962 2 12
2963 1 25
2964 277 9
2965 17 2
2966 3 22
2967 2 11
2968 1 22
2969 197 10
2970 4 3
2971 35 24
2972 2 19
2973 2 2
2974 1 7
2975 1 3
2976 1 2
2977 1 6
2978 4 20
2979 1 17
2980 3 5
2981 16 18
2982 1 21
2983 467 22
2984 1 11
2985 1 24
2986 3 14
2987 1 6
2988 4 1
2989 14 17
2990 370 17
2991 1 17
2992 1 10
2993 4 17
2994 192 22
2995 2 6
2996 126 25
2997 1 19
2998 1 23
2999 95 25
3000 468 23
3001 1 8
3002 1 13
3003 103 18
3004 1 4
3005 31 23
3006 2 22
3007 28 25
3008 1 14
3009 2 10
3010 1 6
3011 72 7
3012 258 6
3013 69 20
3014 1 5
3015 118 20
3016 1 8
3017 25 12
3018 64 8
3019 392 19
3020 12 10
3021 1 14
3022 277 14
3023 112 24
3024 2 25
3025 2 15
3026 1 12
3027 1 10
3028 2 12
3029 4 13
3030 25 25
3031 5 5
3032 7 13
3033 1 7
3034 1 24
3035 1 15
3036 1 18
3037 2 21
3038 32 8
3039 1 19
3040 74 2
3041 16 5
3042 434 23
3043 1 8
3044 2 9
3045 4 19
3046 1 12
3047 1 15
3048 1 3
3049 1 25
3050 2 19
3051 8 2
3052 285 19
3053 230 2
3054 150 3
3055 47 10
3056 43 12
3057 4 18
3058 1 15
3059 4 23
3060 1 3
3061 105 21
3062 11 2
3063 194 21
3064 2 24
3065 3 25
3066 1 17
3067 1 7
3068 6 1
3069 1 7
3070 1 15
3071 62 23
3072 1 2
3073 11 24
3074 53 18
3075 218 25
3076 54 10
3077 3 22
3078 3 10
3079 4 17
3080 8 4
3081 5 1
3082 8 14
3083 2 6
3084 415 23
3085 1 4
3086 2 11
3087 1 9
3088 1 12
3089 1 9
3090 5 22
3091 22 14
3092 1 23
3093 1 16
3094 1 9
3095 3 6
3096 2 8
3097 10 22
3098 1 21
3099 1 3
3100 1 22
3101 44 11
3102 2 13
3103 171 23
3104 4 9
3105 4 17
3106 2 15
3107 1 13
3108 2 15
3109 1 9
3110 170 16
3111 6 15
3112 404 4
3113 1 2
3114 446 6
3115 1 25
3116 2 18
3117 3 22
3118 1 22
3119 430 20
3120 470 17
3121 1 23
3122 2 14
3123 2 11
3124 2 10
3125 3 7
3126 1 17
3127 4 2
3128 3 7
3129 3 13
3130 4 23
3131 8 12
3132 4 22
3133 9 7
3134 2 9
3135 1 7
3136 11 21
3137 460 15
3138 26 11
3139 1 6
3140 3 18
3141 1 3
3142 1 25
3143 111 7
3144 1 13
3145 8 6
3146 15 2
3147 17 12
3148 1 6
3149 4 2
3150 1 8
3151 379 7
3152 108 9
3153 5 2
3154 1 20
3155 4 9
3156 16 13
3157 1 4
3158 323 10
3159 1 7
3160 113 24
3161 324 1
3162 15 25
3163 2 18
3164 1 11
3165 1 20
3166 1 22
3167 44 21
3168 1 7
3169 5 23
3170 64 20
3171 6 22
3172 1 14
3173 370 22
3174 6 1
3175 49 17
3176 1 9
3177 1 19
3178 1 2
3179 2 25
3180 14 15
3181 1 6
3182 1 19
3183 2 18
3184 2 4
3185 1 17
3186 110 11
3187 1 14
3188 1 4
3189 3 7
3190 11 16
3191 7 7
3192 1 6
3193 1 14
3194 3 19
3195 1 19
3196 162 20
3197 8 25
3198 2 14
3199 2 5
3200 1 8
3201 299 9
3202 11 8
3203 1 7
3204 29 2
3205 1 12
3206 198 15
3207 477 9
3208 1 19
3209 27 9
3210 16 11
3211 1 14
3212 1 6
3213 2 1
3214 82 17
3215 24 22
3216 15 15
3217 2 5
3218 1 3
3219 317 20
3220 1 11
3221 1 21
3222 1 9
3223 3 4
3224 1 8
3225 3 12
3226 1 5
3227 4 8
3228 5 21
3229 317 4
3230 399 24
3231 284 4
3232 2 1
3233 183 3
3234 4 9
3235 4 18
3236 19 6
3237 4 24
3238 1 25
3239 1 3
3240 1 17
3241 88 10
3242 2 8
3243 2 2
3244 22 7
3245 303 7
3246 3 12
3247 69 2
3248 1 12
3249 2 11
3250 2 4
3251 5 18
3252 1 10
3253 57 12
3254 6 4
3255 7 3
3256 3 18
3257 1 25
3258 39 8
3259 2 15
3260 49 9
3261 1 1
3262 6 25
3263 2 4
3264 1 18
3265 2 21
3266 17 25
3267 5 6
3268 2 11
3269 53 22
3270 1 9
3271 111 25
3272 77 4
3273 24 15
3274 48 2
3275 3 22
3276 25 8
3277 2 21
3278 1 5
3279 1 4
3280 1 16
3281 1 21
3282 1 25
3283 29 6
3284 2 9
3285 32 25
3286 500 18
3287 47 14
3288 249 18
3289 1 7
3290 2 14
3291 1 16
3292 59 24
3293 2 24
3294 1 17
3295 1 16
3296 3 2
3297 278 16
3298 3 14
3299 80 10
3300 1 17
3301 4 24
3302 201 20
3303 1 7
3304 64 21
3305 6 17
3306 1 23
3307 2 8
3308 3 5
3309 2 10
3310 4 6
3311 1 12
3312 155 25
3313 1 6
3314 1 9
3315 2 7
3316 8 1
3317 16 20
3318 9 22
3319 99 12
3320 16 24
3321 2 21
3322 2 6
3323 12 6
3324 488 6
3325 3 24
3326 175 22
3327 4 16
3328 169 15
3329 157 17
3330 11 24
3331 1 1
3332 2 25
3333 1 20
3334 32 11
3335 1 22
3336 1 6
3337 8 10
3338 2 8
3339 20 21
3340 2 23
3341 2 12
3342 149 16
3343 1 6
3344 2 3
3345 2 10
3346 1 19
3347 1 21
3348 1 9
3349 1 7
3350 1 7
3351 361 13
3352 1 5
3353 7 17
3354 2 11
3355 1 19
3356 1 14
3357 5 1
3358 3 13
3359 356 16
3360 15 8
3361 8 22
3362 1 6
3363 4 6
3364 6 10
3365 11 23
3366 1 13
3367 1 8
3368 22 12
3369 26 16
3370 1 11
3371 2 14
3372 308 20
3373 61 25
3374 1 20
3375 87 13
3376 136 12
3377 256 10
3378 73 14
3379 473 12
3380 3 5
3381 1 19
3382 6 2
3383 1 13
3384 1 7
3385 4 12
3386 14 19
3387 1 10
3388 1 18
3389 1 3
3390 3 13
3391 1 23
3392 75 20
3393 32 23
3394 1 1
3395 1 20
3396 3 2
3397 2 4
3398 4 8
3399 2 17
3400 3 9
3401 1 17
3402 1 3
3403 1 16
3404 1 2
3405 4 6
3406 2 13
3407 3 2
3408 1 21
3409 33 11
3410 1 1
3411 36 8
3412 1 12
3413 3 2
3414 167 17
3415 1 22
3416 1 15
3417 12 3
3418 1 13
3419 1 4
3420 1 4
3421 1 13
3422 2 23
3423 1 20
3424 1 24
3425 1 14
3426 1 12
3427 470 1
3428 14 8
3429 315 1
3430 1 4
3431 2 1
3432 1 21
3433 1 2
3434 3 20
3435 2 13
3436 1 14
3437 42 25
3438 19 25
3439 2 21
3440 4 20
3441 36 5
3442 4 6
3443 2 16
3444 90 17
3445 2 8
3446 361 23
3447 2 15
3448 1 14
3449 58 3
3450 3 25
3451 1 13
3452 1 8
3453 58 23
3454 6 16
3455 417 11
3456 3 5
3457 4 9
3458 223 11
3459 3 23
3460 447 18
3461 1 2
3462 4 12
3463 1 14
3464 8 5
3465 157 24
3466 98 22
3467 1 19
3468 4 25
3469 3 4
3470 1 2
3471 103 20
3472 139 12
3473 7 14
3474 1 1
3475 1 12
3476 1 23
3477 3 21
3478 12 11
3479 7 1
3480 1 7
3481 8 16
3482 1 13
3483 19 23
3484 1 17
3485 1 19
3486 9 17
3487 1 13
3488 4 19
3489 1 14
3490 1 3
3491 1 9
3492 2 3
3493 473 3
3494 6 11
3495 73 4
3496 106 24
3497 1 24
3498 1 19
3499 1 1
3500 2 20
3501 2 13
3502 260 9
3503 41 19
3504 9 2
3505 31 13
3506 147 9
3507 1 10
3508 1 18
3509 1 25
3510 1 19
3511 5 21
3512 1 4
3513 107 18
3514 1 18
3515 4 5
3516 1 3
3517 2 18
3518 2 2
3519 1 19
3520 103 10
3521 4 23
3522 8 24
3523 11 6
3524 1 7
3525 27 7
3526 169 10
3527 20 1
3528 1 8
3529 80 21
3530 446 14
3531 17 1
3532 1 19
3533 1 12
3534 1 17
3535 438 14
3536 6 17
3537 99 11
3538 30 12
3539 2 17
3540 1 16
3541 1 21
3542 367 16
3543 3 10
3544 2 8
3545 2 4
3546 1 11
3547 3 13
3548 7 19
3549 1 4
3550 3 14
3551 3 2
3552 1 23
3553 25 11
3554 3 1
3555 54 7
3556 4 19
3557 2 4
3558 112 2
3559 15 24
3560 1 17
3561 7 4
3562 2 21
3563 1 3
3564 7 8
3565 383 19
3566 1 12
3567 53 7
3568 50 3
3569 53 10
3570 12 1
3571 1 12
3572 201 4
3573 96 24
3574 2 12
3575 61 25
3576 1 17
3577 29 25
3578 451 2
3579 4 13
3580 1 23
3581 28 6
3582 6 23
3583 1 11
3584 4 19
3585 275 22
3586 8 8
3587 30 3
3588 6 12
3589 4 19
3590 29 16
3591 1 7
3592 1 22
3593 9 8
3594 1 9
3595 509 13
3596 419 13
3597 7 25
3598 326 19
3599 3 20
3600 1 13
3601 8 7
3602 2 10
3603 1 15
3604 1 21
3605 5 22
3606 1 22
3607 24 2
3608 123 25
3609 5 16
3610 3 6
3611 403 22
3612 9 22
3613 127 10
3614 27 11
3615 7 18
3616 343 7
3617 109 24
3618 304 6
3619 1 17
3620 1 19
3621 1 11
3622 7 1
3623 1 7
3624 8 4
3625 36 16
3626 9 5
3627 1 8
3628 1 10
3629 6 17
3630 45 24
3631 1 21
3632 2 25
3633 1 6
3634 3 2
3635 1 14
3636 16 4
3637 1 23
3638 1 14
3639 3 2
3640 6 4
3641 1 6
3642 8 1
3643 3 15
3644 1 8
3645 23 9
3646 1 3
3647 238 6
3648 1 1
3649 1 18
3650 2 5
3651 19 17
3652 19 14
3653 3 11
3654 1 15
3655 40 16
3656 353 8
3657 4 5
3658 2 19
3659 32 8
3660 51 6
3661 1 19
3662 1 4
3663 2 1
3664 1 21
3665 1 7
3666 122 15
3667 2 23
3668 14 10
3669 1 10
3670 31 15
3671 1 19
3672 3 24
3673 27 25
3674 2 18
3675 1 12
3676 4 11
3677 1 19
3678 97 1
3679 5 18
3680 1 18
3681 2 11
3682 27 14
3683 1 23
3684 1 9
3685 356 1
3686 3 13
3687 82 10
3688 1 17
3689 3 2
3690 1 22
3691 14 18
3692 1 4
3693 2 17
3694 3 18
3695 4 23
3696 1 2
3697 44 8
3698 1 4
3699 2 2
3700 4 14
3701 1 24
3702 137 25
3703 264 12
3704 1 20
3705 251 2
3706 1 16
3707 212 11
3708 13 10
3709 238 16
3710 1 15
3711 1 9
3712 7 11
3713 121 3
3714 6 23
3715 1 10
3716 2 20
3717 455 16
3718 11 15
3719 2 21
3720 4 15
3721 1 22
3722 16 2
3723 1 3
3724 1 17
3725 302 13
3726 193 17
3727 1 13
3728 207 6
3729 1 20
3730 7 8
3731 1 18
3732 319 16
3733 1 14
3734 10 11
3735 1 12
3736 1 14
3737 2 15
3738 1 3
3739 4 18
3740 2 21
3741 227 17
3742 1 14
3743 57 17
3744 5 23
3745 24 9
3746 12 12
3747 1 2
3748 191 10
3749 399 21
3750 11 8
3751 18 5
3752 402 19
3753 191 5
3754 2 21
3755 1 23
3756 1 6
3757 2 3
3758 92 19
3759 1 23
3760 32 18
3761 2 4
3762 8 13
3763 1 16
3764 1 14
3765 2 23
3766 15 17
3767 1 21
3768 1 21
3769 1 6
3770 2 5
3771 6 11
3772 2 4
3773 1 18
3774 3 23
3775 1 6
3776 4 22
3777 6 16
3778 162 12
3779 2 10
3780 2 18
3781 24 24
3782 2 16
3783 1 19
3784 7 24
3785 5 6
3786 1 1
3787 3 8
3788 122 4
3789 36 21
3790 77 1
3791 507 6
3792 4 12
3793 2 25
3794 1 9
3795 498 12
3796 4 13
3797 1 6
3798 4 14
3799 308 21
3800 63 19
3801 1 14
3802 11 7
3803 2 18
3804 1 5
3805 2 12
3806 59 15
3807 27 12
3808 28 11
3809 14 15
3810 1 1
3811 2 4
3812 1 18
3813 4 21
3814 1 23
3815 1 18
3816 1 9
3817 2 14
3818 65 14
3819 1 16
3820 3 9
3821 1 22
3822 1 21
3823 12 16
3824 150 25
3825 1 9
3826 1 9
3827 4 3
3828 189 2
3829 14 24
3830 491 4
3831 21 5
3832 69 22
3833 4 18
3834 3 17
3835 1 10
3836 4 22
3837 150 24
3838 1 16
3839 20 14
3840 96 9
3841 69 1
3842 252 4
3843 275 7
3844 333 8
3845 1 2
3846 4 1
3847 61 18
3848 58 12
3849 1 8
3850 451 1
3851 2 21
3852 407 9
3853 135 24
3854 313 1
3855 1 11
3856 1 15
3857 1 22
3858 1 17
3859 2 15
3860 1 8
3861 102 20
3862 17 17
3863 7 13
3864 4 10
3865 2 10
3866 284 5
3867 1 20
3868 1 6
3869 1 9
3870 24 24
3871 181 18
3872 1 6
3873 253 4
3874 4 24
3875 152 19
3876 1 6
3877 2 22
3878 1 20
3879 10 24
3880 1 25
3881 1 4
3882 1 20
3883 1 5
3884 1 22
3885 7 4
3886 57 10
3887 1 19
3888 7 8
3889 28 17
3890 1 8
3891 1 3
3892 2 6
3893 1 23
3894 8 13
3895 373 6
3896 2 14
3897 1 8
3898 12 17
3899 2 6
3900 502 21
3901 6 14
3902 1 4
3903 2 12
3904 2 12
3905 5 6
3906 1 14
3907 1 7
3908 3 22
3909 8 16
3910 8 20
3911 10 10
3912 53 19
3913 7 3
3914 2 10
3915 1 14
3916 4 14
3917 306 12
3918 1 11
3919 26 6
3920 383 17
3921 4 25
3922 1 24
3923 1 1
3924 14 11
3925 15 10
3926 25 21
3927 327 10
3928 3 19
3929 25 14
3930 7 13
3931 215 9
3932 128 2
3933 64 6
3934 5 7
3935 2 6
3936 1 9
3937 509 8
3938 1 5
3939 1 21
3940 1 19
3941 2 15
3942 2 20
3943 132 20
3944 2 17
3945 4 17
3946 2 4
3947 76 9
3948 14 10
3949 3 19
3950 1 4
3951 1 14
3952 2 22
3953 1 2
3954 1 19
3955 8 15
3956 89 20
3957 1 16
3958 1 20
3959 1 1
3960 4 18
3961 51 2
3962 1 14
3963 22 11
3964 133 23
3965 5 17
3966 3 8
3967 1 9
3968 6 4
3969 4 7
3970 1 4
3971 4 18
3972 2 14
3973 4 25
3974 2 6
3975 1 24
3976 1 6
3977 5 8
3978 1 19
3979 2 6
3980 8 24
3981 3 21
3982 1 9
3983 2 12
3984 1 12
3985 139 4
3986 9 13
3987 2 10
3988 4 11
3989 6 14
3990 2 12
3991 1 7
3992 29 13
3993 2 10
3994 121 11
3995 23 24
3996 2 4
3997 38 1
3998 1 19
3999 7 15
4000 2 21
4001 13 7
4002 5 24
4003 1 1
4004 402 2
4005 1 22
4006 8 22
4007 131 5
4008 1 2
4009 207 24
4010 3 3
4011 1 16
4012 2 10
4013 1 18
4014 414 18
4015 8 2
4016 13 16
4017 5 13
4018 1 24
4019 284 13
4020 1 13
4021 1 21
4022 1 18
4023 2 22
4024 127 13
4025 364 10
4026 2 9
4027 1 20
4028 1 6
4029 2 16
4030 2 1
4031 1 3
4032 4 20
4033 14 5
4034 3 18
4035 13 9
4036 4 6
4037 262 23
4038 2 8
4039 69 12
4040 177 18
4041 237 3
4042 1 14
4043 167 1
4044 1 9
4045 2 11
4046 33 5
4047 4 16
4048 3 4
4049 2 7
4050 390 23
4051 1 6
4052 1 8
4053 7 1
4054 86 6
4055 2 6
4056 1 5
4057 8 16
4058 2 15
4059 1 9
4060 56 24
4061 176 18
4062 2 1
4063 60 22
4064 1 11
4065 2 6
4066 379 11
4067 1 15
4068 2 1
4069 10 4
4070 249 14
4071 1 9
4072 30 21
4073 146 12
4074 179 20
4075 1 2
4076 1 24
4077 1 18
4078 1 13
4079 3 11
4080 1 6
4081 2 17
4082 11 24
4083 8 10
4084 1 4
4085 1 17
4086 423 20
4087 3 13
4088 1 12
4089 1 17
4090 1 15
4091 470 7
4092 1 20
4093 1 23
4094 88 14
4095 1 24
4096 3 22
4097 3 3
4098 57 16
4099 1 4
4100 2 21
4101 1 2
4102 16 5
4103 2 9
4104 1 9
4105 1 5
4106 2 2
4107 1 4
4108 1 25
4109 7 19
4110 1 13
4111 96 24
4112 4 15
4113 2 24
4114 2 25
4115 2 23
4116 5 24
4117 3 22
4118 6 13
4119 94 21
4120 15 1
4121 4 25
4122 1 15
4123 2 14
4124 31 20
4125 3 1
4126 25 22
4127 17 22
4128 461 5
4129 2 6
4130 2 8
4131 2 12
4132 275 8
4133 1 24
4134 53 16
4135 7 21
4136 1 3
4137 39 4
4138 14 24
4139 1 14
4140 8 23
4141 1 12
4142 59 16
4143 2 3
4144 28 10
4145 2 8
4146 2 13
4147 9 8
4148 44 21
4149 30 15
4150 298 10
4151 1 25
4152 435 24
4153 6 6
4154 1 20
4155 115 22
4156 1 13
4157 1 24
4158 1 6
4159 390 10
4160 26 16
4161 15 23
4162 219 14
4163 1 1
4164 1 22
4165 8 9
4166 4 2
4167 3 9
4168 30 8
4169 128 9
4170 1 20
4171 408 12
4172 216 21
4173 1 23
4174 202 23
4175 361 14
4176 1 5
4177 18 11
4178 2 12
4179 2 14
4180 107 11
4181 1 13
4182 1 5
4183 95 7
4184 31 8
4185 4 13
4186 2 5
4187 2 23
4188 3 4
4189 7 19
4190 1 14
4191 1 12
4192 15 8
4193 510 16
4194 8 19
4195 1 20
4196 1 6
4197 8 1
4198 2 24
4199 398 3
4200 2 12
4201 3 19
4202 35 10
4203 1 3
4204 1 17
4205 2 10
4206 236 9
4207 1 21
4208 2 20
4209 2 17
4210 337 17
4211 264 12
4212 339 14
4213 38 10
4214 64 3
4215 28 24
4216 16 8
4217 5 22
4218 3 7
4219 7 14
4220 1 3
4221 93 24
4222 1 18
4223 118 19
4224 8 18
4225 1 2
4226 1 4
4227 333 10
4228 1 25
4229 8 7
4230 10 6
4231 1 4
4232 1 17
4233 2 15
4234 2 12
4235 3 4
4236 1 25
4237 210 5
4238 2 25
4239 5 10
4240 73 7
4241 2 17
4242 6 8
4243 140 20
4244 1 17
4245 1 14
4246 2 18
4247 2 21
4248 14 24
4249 492 20
4250 234 12
4251 4 4
4252 2 7
4253 1 14
4254 2 18
4255 3 13
4256 1 18
4257 1 13
4258 1 25
4259 141 15
4260 18 25
4261 4 6
4262 7 6
4263 1 18
4264 1 5
4265 1 8
4266 2 16
4267 4 21
4268 1 21
4269 29 14
4270 448 21
4271 1 16
4272 5 22
4273 2 15
4274 1 20
4275 149 23
4276 6 23
4277 2 17
4278 19 2
4279 6 24
4280 4 21
4281 1 7
4282 1 20
4283 4 2
4284 403 6
4285 2 25
4286 1 8
4287 1 5
4288 11 13
4289 1 8
4290 3 21
4291 13 18
4292 34 13
4293 1 19
4294 1 12
4295 8 25
4296 4 14
4297 1 15
4298 223 18
4299 13 12
4300 109 23
4301 6 11
4302 1 2
4303 4 14
4304 2 9
4305 6 24
4306 3 3
4307 14 20
4308 1 3
4309 16 7
4310 21 19
4311 76 9
4312 1 14
4313 5 23
4314 17 3
4315 16 18
4316 1 3
4317 19 5
4318 1 12
4319 55 1
4320 7 15
4321 402 6
4322 5 15
4323 342 15
4324 1 12
4325 500 15
4326 1 7
4327 10 13
4328 1 18
4329 4 20
4330 32 25
4331 199 1
4332 75 12
4333 7 23
4334 4 11
4335 14 10
4336 9 16
4337 11 3
4338 8 11
4339 6 4
4340 1 5
4341 1 13
4342 83 14
4343 1 19
4344 32 21
4345 1 7
4346 2 7
4347 1 22
4348 119 21
4349 507 17
4350 1 21
4351 29 25
4352 459 24
4353 3 9
4354 3 21
4355 1 4
4356 8 12
4357 2 11
4358 6 13
4359 20 11
4360 2 4
4361 70 15
4362 2 17
4363 104 4
4364 2 9
4365 1 16
4366 19 21
4367 1 23
4368 1 10
4369 2 25
4370 2 20
4371 512 21
4372 1 13
4373 2 10
4374 9 22
4375 180 16
4376 1 9
4377 4 2
4378 7 23
4379 7 5
4380 348 6
4381 6 22
4382 1 12
4383 14 9
4384 45 25
4385 1 20
4386 1 1
4387 2 8
4388 1 19
4389 1 20
4390 3 10
4391 1 12
4392 2 23
4393 28 3
4394 2 2
4395 289 11
4396 2 21
4397 1 6
4398 1 17
4399 2 24
4400 1 1
4401 2 13
4402 481 3
4403 48 1
4404 1 17
4405 4 6
4406 2 18
4407 1 14
4408 114 1
4409 87 10
4410 1 18
4411 505 23
4412 2 5
4413 27 6
4414 4 15
4415 1 13
4416 12 20
4417 68 17
4418 2 25
4419 4 20
4420 3 4
4421 1 11
4422 484 9
4423 1 8
4424 190 12
4425 1 11
4426 16 10
4427 128 13
4428 2 1
4429 8 10
4430 1 3
4431 4 9
4432 388 13
4433 437 8
4434 4 20
4435 1 15
4436 2 23
4437 3 25
4438 1 4
4439 1 21
4440 1 16
4441 4 21
4442 1 14
4443 1 7
4444 172 24
4445 1 21
4446 3 14
4447 1 12
4448 4 15
4449 4 2
4450 2 11
4451 1 10
4452 4 10
4453 61 9
4454 3 19
4455 118 6
4456 1 6
4457 14 7
4458 29 6
4459 440 20
4460 8 1
4461 1 14
4462 237 18
4463 340 19
4464 3 23
4465 76 18
4466 1 4
4467 4 12
4468 1 10
4469 2 25
4470 1 22
4471 250 6
4472 1 2
4473 3 1
4474 1 13
4475 1 21
4476 3 18
4477 4 12
4478 2 2
4479 1 14
4480 4 17
4481 3 13
4482 1 13
4483 1 14
4484 2 7
4485 1 14
4486 296 6
4487 1 24
4488 26 25
4489 2 14
4490 4 3
4491 284 9
4492 1 19
4493 6 23
4494 1 23
4495 1 23
4496 7 11
4497 2 6
4498 1 10
4499 1 6
4500 1 1
4501 5 9
4502 1 3
4503 1 17
4504 3 1
4505 8 17
4506 1 16
4507 2 22
4508 1 11
4509 5 2
4510 4 21
4511 2 10
4512 2 3
4513 1 24
4514 175 16
4515 10 8
4516 1 23
4517 487 4
4518 39 12
4519 1 2
4520 2 15
4521 63 13
4522 337 25
4523 1 7
4524 133 4
4525 1 15
4526 29 23
4527 27 13
4528 1 25
4529 1 10
4530 1 15
4531 1 22
4532 7 25
4533 2 11
4534 8 1
4535 2 6
4536 376 22
4537 1 14
4538 1 11
4539 1 8
4540 1 14
4541 1 16
4542 1 12
4543 1 25
4544 1 23
4545 487 20
4546 4 6
4547 322 4
4548 1 6
4549 71 9
4550 493 5
4551 13 2
4552 1 19
4553 1 11
4554 1 15
4555 2 12
4556 77 14
4557 7 24
4558 156 18
4559 3 9
4560 4 15
4561 168 5
4562 26 6
4563 11 1
4564 2 10
4565 2 16
4566 1 2
4567 5 4
4568 3 21
4569 1 18
4570 13 19
4571 11 15
4572 20 16
4573 6 3
4574 1 23
4575 21 14
4576 1 6
4577 1 10
4578 190 20
4579 1 17
4580 1 4
4581 161 25
4582 1 14
4583 2 12
4584 2 14
4585 437 21
4586 2 13
4587 2 7
4588 293 6
4589 27 21
4590 1 6
4591 1 5
4592 1 3
4593 9 25
4594 1 2
4595 1 10
4596 2 22
4597 2 21
4598 6 22
4599 2 10
4600 1 5
4601 106 10
4602 1 15
4603 1 12
4604 7 3
4605 1 24
4606 9 6
4607 1 20
4608 1 17
4609 1 23
4610 7 20
4611 25 14
4612 1 9
4613 7 10
4614 5 25
4615 1 2
4616 63 5
4617 188 9
4618 18 12
4619 1 3
4620 1 10
4621 5 12
4622 1 20
4623 8 12
4624 4 15
4625 1 5
4626 4 1
4627 139 9
4628 4 4
4629 2 17
4630 2 4
4631 11 24
4632 2 15
4633 15 25
4634 30 4
4635 4 10
4636 2 3
4637 1 14
4638 6 18
4639 2 5
4640 1 23
4641 1 18
4642 2 25
4643 2 24
4644 1 21
4645 1 16
4646 1 23
4647 8 7
4648 11 17
4649 8 19
4650 2 15
4651 2 24
4652 1 5
4653 16 9
4654 1 12
4655 1 2
4656 1 16
4657 2 5
4658 1 6
4659 1 24
4660 113 6
4661 1 24
4662 1 14
4663 1 12
4664 1 11
4665 1 18
4666 1 18
4667 3 3
4668 2 22
4669 2 23
4670 121 10
4671 1 22
4672 464 9
4673 7 23
4674 49 14
4675 2 19
4676 5 17
4677 48 2
4678 7 2
4679 16 12
4680 2 4
4681 3 18
4682 31 18
4683 361 23
4684 1 20
4685 4 3
4686 2 7
4687 2 3
4688 55 15
4689 20 21
4690 6 24
4691 13 7
4692 2 23
4693 1 23
4694 3 12
4695 51 22
4696 292 3
4697 2 20
4698 8 25
4699 1 22
4700 1 1
4701 1 14
4702 25 18
4703 1 12
4704 6 23
4705 1 25
4706 1 11
4707 5 6
4708 2 6
4709 104 3
4710 2 13
4711 3 9
4712 71 20
4713 4 22
4714 1 4
4715 5 12
4716 178 7
4717 232 21
4718 4 12
4719 21 8
4720 1 24
4721 4 3
4722 1 1
4723 2 16
4724 1 24
4725 2 3
4726 54 13
4727 2 6
4728 3 21
4729 1 5
4730 192 6
4731 4 2
4732 7 17
4733 306 4
4734 12 15
4735 2 15
4736 1 16
4737 167 4
4738 34 5
4739 258 16
4740 1 3
4741 3 1
4742 119 10
4743 2 24
4744 1 13
4745 14 25
4746 1 16
4747 1 3
4748 1 18
4749 14 19
4750 2 1
4751 1 25
4752 73 14
4753 8 16
4754 28 14
4755 1 6
4756 5 19
4757 2 14
4758 248 5
4759 32 24
4760 298 16
4761 1 23
4762 19 20
4763 29 12
4764 1 22
4765 5 17
4766 5 18
4767 1 9
4768 2 16
4769 97 5
4770 7 25
4771 1 22
4772 1 9
4773 1 4
4774 205 8
4775 1 21
4776 3 19
4777 128 2
4778 5 18
4779 1 19
4780 8 14
4781 321 6
4782 27 2
4783 2 10
4784 4 5
4785 1 14
4786 1 14
4787 33 2
4788 196 12
4789 1 17
4790 1 23
4791 13 3
4792 4 6
4793 4 4
4794 3 13
4795 2 19
4796 332 1
4797 59 23
4798 59 14
4799 1 15
4800 4 14
4801 14 14
4802 15 6
4803 1 10
4804 2 23
4805 6 16
4806 1 10
4807 15 8
4808 466 12
4809 1 12
4810 130 18
4811 4 2
4812 6 4
4813 3 11
4814 4 3
4815 4 24
4816 1 6
4817 2 11
4818 1 8
4819 1 4
4820 1 1
4821 14 17
4822 1 24
4823 2 16
4824 4 23
4825 28 15
4826 21 6
4827 1 24
4828 30 21
4829 13 18
4830 3 16
4831 6 22
4832 30 23
4833 104 21
4834 1 20
4835 2 2
4836 1 1
4837 1 18
4838 2 22
4839 2 10
4840 6 6
4841 15 20
4842 2 25
4843 4 12
4844 5 18
4845 1 20
4846 1 6
4847 1 19
4848 1 10
4849 42 6
4850 2 15
4851 1 10
4852 11 4
4853 1 22
4854 2 13
4855 2 25
4856 7 15
4857 3 18
4858 1 11
4859 188 14
4860 10 2
4861 367 8
4862 4 7
4863 10 23
4864 1 8
4865 1 4
4866 1 5
4867 319 18
4868 1 15
4869 2 16
4870 371 8
4871 12 13
4872 1 18
4873 1 18
4874 1 13
4875 171 22
4876 3 20
4877 285 20
4878 14 24
4879 12 21
4880 46 9
4881 1 21
4882 1 21
4883 1 23
4884 98 7
4885 29 25
4886 1 25
4887 3 16
4888 4 19
4889 382 18
4890 341 7
4891 3 2
4892 466 15
4893 11 22
4894 17 14
4895 179 11
4896 1 4
4897 336 9
4898 2 9
4899 19 1
4900 1 11
4901 131 19
4902 419 4
4903 256 20
4904 1 3
4905 1 22
4906 3 24
4907 4 23
4908 480 11
4909 1 25
4910 2 19
4911 1 17
4912 169 21
4913 79 18
4914 228 20
4915 3 1
4916 1 24
4917 5 23
4918 4 6
4919 1 2
4920 1 2
4921 433 12
4922 1 23
4923 1 16
4924 38 21
4925 4 22
4926 1 4
4927 33 3
4928 1 21
4929 8 23
4930 1 10
4931 1 11
4932 100 1
4933 1 8
4934 94 18
4935 1 21
4936 13 24
4937 1 21
4938 2 3
4939 20 16
4940 1 14
4941 1 5
4942 15 1
4943 1 13
4944 3 3
4945 4 13
4946 41 8
4947 4 9
4948 76 2
4949 4 20
4950 10 8
4951 10 5
4952 1 9
4953 4 2
4954 3 18
4955 6 8
4956 2 17
4957 1 16
4958 52 20
4959 1 17
4960 1 21
4961 87 5
4962 14 6
4963 67 25
4964 56 11
4965 1 4
4966 4 8
4967 276 14
4968 24 11
4969 1 24
4970 38 13
4971 1 6
4972 2 13
4973 1 13
4974 5 5
4975 104 21
4976 17 21
4977 196 1
4978 2 11
4979 2 25
4980 1 24
4981 2 12
4982 1 25
4983 7 22
4984 2 15
4985 83 23
4986 3 5
4987 1 25
4988 1 9
4989 2 8
4990 2 22
4991 1 11
4992 350 11
4993 41 6
4994 1 2
4995 7 8
4996 3 4
4997 2 22
4998 1 19
4999 2 7
5000 100 12
5001 10 18
5002 2 17
5003 8 14
5004 3 8
5005 14 4
5006 178 10
5007 2 18
5008 4 11
5009 2 24
5010 280 23
5011 1 12
5012 3 5
5013 453 20
5014 15 25
5015 2 8
5016 24 17
5017 3 6
5018 22 8
5019 1 10
5020 2 21
5021 309 19
5022 2 9
5023 2 17
5024 34 3
5025 15 25
5026 1 13
5027 3 5
5028 1 7
5029 396 24
5030 4 8
5031 18 4
5032 1 16
5033 125 22
5034 111 14
5035 273 1
5036 1 23
5037 108 7
5038 1 2
5039 1 23
5040 2 8
5041 32 21
5042 1 17
5043 4 24
5044 13 24
5045 205 10
5046 1 13
5047 1 13
5048 1 20
5049 13 1
5050 32 20
5051 1 22
5052 101 14
5053 1 23
5054 3 23
5055 2 11
5056 1 24
5057 11 25
5058 55 3
5059 3 25
5060 42 20
5061 1 17
5062 1 15
5063 2 13
5064 46 4
5065 92 5
5066 2 15
5067 1 8
5068 2 18
5069 1 10
5070 2 19
5071 8 8
5072 1 25
5073 8 2
5074 1 10
5075 46 17
5076 1 12
5077 3 25
5078 8 1
5079 120 17
5080 4 10
5081 25 14
5082 25 25
5083 15 11
5084 3 14
5085 1 8
5086 53 14
5087 32 20
5088 8 6
5089 13 13
5090 40 19
5091 1 24
5092 176 5
5093 16 17
5094 12 10
5095 2 18
5096 5 5
5097 10 16
5098 1 25
5099 1 12
5100 380 24
5101 1 19
5102 1 14
5103 4 17
5104 351 21
5105 1 20
5106 2 6
5107 16 1
5108 1 10
5109 16 16
5110 431 4
5111 1 5
5112 3 20
5113 12 20
5114 2 2
5115 8 16
5116 26 13
5117 2 6
5118 5 5
5119 8 17
5120 2 4
5121 1 22
5122 2 18
5123 7 14
5124 213 25
5125 7 17
5126 15 16
5127 2 21
5128 28 9
5129 1 25
5130 2 19
5131 16 15
5132 1 24
5133 2 15
5134 66 14
5135 3 24
5136 4 9
5137 436 9
5138 1 7
5139 1 25
5140 1 4
5141 141 18
5142 1 24
5143 12 10
5144 404 25
5145 277 9
5146 2 15
5147 3 9
5148 1 22
5149 1 16
5150 1 10
5151 3 8
5152 55 9
5153 461 1
5154 14 5
5155 9 24
5156 2 16
5157 4 17
5158 1 9
5159 1 14
5160 8 6
5161 1 5
5162 5 2
5163 1 6
5164 9 11
5165 1 20
5166 22 24
5167 175 10
5168 412 15
5169 2 3
5170 2 14
5171 2 24
5172 305 16
5173 73 18
5174 150 5
5175 378 25
5176 2 8
5177 1 11
5178 5 9
5179 1 2
5180 5 5
5181 3 6
5182 8 1
5183 8 17
5184 1 23
5185 8 24
5186 7 6
5187 41 5
5188 1 1
5189 2 3
5190 1 3
5191 1 1
5192 2 2
5193 1 23
5194 1 25
5195 1 23
5196 3 17
5197 128 21
5198 1 7
5199 1 25
5200 120 23
5201 7 1
5202 15 3
5203 3 1
5204 213 15
5205 2 2
5206 1 13
5207 2 15
5208 53 5
5209 14 11
5210 11 18
5211 17 20
5212 1 1
5213 1 11
5214 1 25
5215 3 23
5216 393 7
5217 70 18
5218 2 21
5219 1 7
5220 3 20
5221 416 11
5222 10 18
5223 1 19
5224 1 5
5225 6 15
5226 25 22
5227 117 20
5228 40 21
5229 2 6
5230 1 9
5231 1 15
5232 1 5
5233 1 10
5234 26 25
5235 222 16
5236 65 20
5237 12 17
5238 4 22
5239 181 9
5240 395 15
5241 234 24
5242 1 4
5243 202 1
5244 3 12
5245 4 2
5246 3 25
5247 91 16
5248 19 25
5249 5 10
5250 1 21
5251 24 20
5252 1 11
5253 2 17
5254 331 25
5255 16 19
5256 14 21
5257 1 11
5258 1 20
5259 18 13
5260 16 13
5261 5 9
5262 1 1
5263 37 5
5264 1 7
5265 67 8
5266 1 6
5267 1 5
5268 1 6
5269 91 25
5270 319 7
5271 2 21
5272 19 1
5273 1 24
5274 254 13
5275 1 16
5276 2 16
5277 3 13
5278 1 6
5279 191 16
5280 66 13
5281 1 3
5282 1 11
5283 7 1
5284 1 18
5285 1 7
5286 2 11
5287 3 2
5288 189 3
5289 2 19
5290 7 1
5291 14 18
5292 1 2
5293 1 17
5294 2 19
5295 137 3
5296 1 17
5297 4 23
5298 1 1
5299 99 23
5300 1 12
5301 2 22
5302 4 2
5303 1 11
5304 252 20
5305 1 16
5306 16 18
5307 1 17
5308 4 2
5309 1 20
5310 1 17
5311 1 13
5312 8 9
5313 1 15
5314 1 2
5315 108 17
5316 1 15
5317 7 23
5318 1 8
5319 2 1
5320 311 22
5321 4 21
5322 1 15
5323 11 16
5324 119 13
5325 5 4
5326 1 7
5327 62 16
5328 1 15
5329 1 8
5330 1 3
5331 1 18
5332 4 9
5333 1 14
5334 3 22
5335 4 3
5336 1 12
5337 1 6
5338 4 19
5339 266 22
5340 1 5
5341 2 17
5342 1 4
5343 28 14
5344 8 17
5345 4 4
5346 4 21
5347 2 6
5348 2 7
5349 1 18
5350 1 3
5351 1 24
5352 2 5
5353 1 7
5354 2 13
5355 26 2
5356 4 7
5357 2 3
5358 1 2
5359 281 19
5360 2 1
5361 1 24
5362 3 13
5363 2 14
5364 1 24
5365 4 3
5366 1 7
5367 1 20
5368 1 23
5369 6 23
5370 17 17
5371 4 16
5372 2 4
5373 235 10
5374 140 9
5375 4 25
5376 360 4
5377 4 14
5378 4 6
5379 47 9
5380 1 20
5381 96 12
5382 265 9
5383 1 8
5384 50 5
5385 1 16
5386 2 8
5387 1 7
5388 1 18
5389 2 13
5390 85 25
5391 1 19
5392 1 4
5393 1 16
5394 465 2
5395 2 18
5396 1 9
5397 2 21
5398 3 25
5399 10 19
5400 38 14
5401 27 16
5402 1 10
5403 4 10
5404 194 5
5405 2 1
5406 28 12
5407 4 5
5408 23 17
5409 1 18
5410 3 23
5411 32 8
5412 1 25
5413 1 19
5414 3 4
5415 2 23
5416 2 10
5417 2 3
5418 1 13
5419 1 12
5420 3 10
5421 4 5
5422 7 25
5423 146 8
5424 1 10
5425 1 15
5426 96 13
5427 118 1
5428 8 10
5429 1 10
5430 2 2
5431 268 21
5432 1 22
5433 35 20
5434 110 9
5435 8 17
5436 9 6
5437 48 23
5438 1 16
5439 2 4
5440 1 11
5441 1 6
5442 2 18
5443 105 23
5444 241 15
5445 412 1
5446 9 1
5447 2 16
5448 3 24
5449 1 4
5450 8 20
5451 1 24
5452 6 16
5453 3 14
5454 1 25
5455 4 4
5456 14 15
5457 25 13
5458 4 21
5459 498 22
5460 6 10
5461 1 17
5462 7 16
5463 122 14
5464 12 10
5465 8 17
5466 2 25
5467 17 24
5468 406 12
5469 3 6
5470 1 23
5471 6 3
5472 19 3
5473 1 20
5474 124 5
5475 1 21
5476 9 8
5477 6 12
5478 3 18
5479 3 15
5480 3 18
5481 118 24
5482 2 13
5483 1 13
5484 2 19
5485 2 17
5486 4 14
5487 13 10
5488 1 9
5489 1 24
5490 1 7
5491 214 17
5492 4 11
5493 3 22
5494 2 4
5495 3 22
5496 506 11
5497 196 23
5498 6 25
5499 48 3
5500 2 1
5501 1 20
5502 16 2
5503 3 22
5504 1 20
5505 1 16
5506 1 6
5507 6 12
5508 2 25
5509 1 22
5510 292 25
5511 3 16
5512 31 24
5513 1 22
5514 14 14
5515 1 9
5516 1 9
5517 23 17
5518 2 10
5519 6 9
5520 3 21
5521 1 2
5522 2 22
5523 346 12
5524 8 21
5525 1 11
5526 1 6
5527 1 3
5528 35 22
5529 56 7
5530 10 16
5531 1 1
5532 1 11
5533 13 4
5534 106 13
5535 2 19
5536 16 8
5537 346 15
5538 1 11
5539 1 13
5540 1 13
5541 110 24
5542 1 10
5543 2 4
5544 1 19
5545 1 14
5546 42 16
5547 1 2
5548 6 21
5549 6 12
5550 1 14
5551 51 13
5552 1 17
5553 1 11
5554 1 7
5555 1 12
5556 4 20
5557 266 9
5558 270 10
5559 1 1
5560 15 20
5561 2 7
5562 10 9
5563 6 19
5564 2 12
5565 180 17
5566 2 9
5567 1 8
5568 1 18
5569 3 8
5570 2 6
5571 1 24
5572 1 17
5573 2 12
5574 12 15
5575 238 5
5576 73 14
5577 1 10
5578 14 14
5579 28 15
5580 1 19
5581 2 8
5582 2 9
5583 9 20
5584 2 10
5585 1 12
5586 1 8
5587 421 7
5588 91 13
5589 10 15
5590 1 10
5591 5 20
5592 1 7
5593 14 21
5594 3 2
5595 1 20
5596 445 11
5597 2 18
5598 126 25
5599 113 3
5600 59 10
5601 11 25
5602 351 25
5603 32 12
5604 30 16
5605 30 10
5606 12 1
5607 9 13
5608 95 23
5609 2 25
5610 59 13
5611 2 11
5612 1 23
5613 1 9
5614 34 22
5615 64 13
5616 58 4
5617 68 1
5618 1 25
5619 1 23
5620 1 17
5621 14 14
5622 27 12
5623 51 11
5624 1 20
5625 4 19
5626 174 15
5627 188 12
5628 12 14
5629 1 10
5630 31 9
5631 2 13
5632 2 24
5633 3 25
5634 1 14
5635 38 25
5636 7 6
5637 1 13
5638 1 25
5639 32 18
5640 1 7
5641 10 17
5642 1 22
5643 19 23
5644 1 14
5645 71 5
5646 10 21
5647 7 10
5648 1 20
5649 20 7
5650 3 14
5651 1 21
5652 7 22
5653 1 18
5654 466 11
5655 3 24
5656 8 5
5657 5 11
5658 4 9
5659 211 13
5660 2 4
5661 2 13
5662 1 6
5663 1 21
5664 4 17
5665 363 8
5666 25 15
5667 8 24
5668 2 4
5669 1 20
5670 1 16
5671 1 8
5672 2 15
5673 1 2
5674 2 23
5675 49 21
5676 1 5
5677 4 21
5678 1 17
5679 7 21
5680 4 14
5681 3 22
5682 6 6
5683 2 5
5684 1 1
5685 2 15
5686 1 24
5687 1 16
5688 10 15
5689 1 23
5690 2 23
5691 2 18
5692 47 8
5693 8 3
5694 1 9
5695 1 15
5696 1 1
5697 20 19
5698 204 6
5699 1 20
5700 155 19
5701 394 9
5702 1 17
5703 2 12
5704 8 15
5705 40 24
5706 1 21
5707 8 23
5708 2 8
5709 1 13
5710 1 17
5711 1 2
5712 4 6
5713 3 19
5714 1 15
5715 1 14
5716 2 11
5717 45 2
5718 1 18
5719 8 21
5720 2 8
5721 1 9
5722 485 9
5723 1 21
5724 111 25
5725 1 3
5726 139 10
5727 8 15
5728 214 4
5729 232 11
5730 2 1
5731 1 19
5732 3 17
5733 5 16
5734 2 14
5735 1 6
5736 23 19
5737 1 12
5738 1 21
5739 29 15
5740 56 3
5741 3 9
5742 1 15
5743 182 8
5744 2 22
5745 5 6
5746 1 22
5747 380 17
5748 2 6
5749 3 19
5750 1 3
5751 2 6
5752 4 5
5753 8 23
5754 2 24
5755 1 20
5756 1 19
5757 1 18
5758 1 15
5759 474 16
5760 5 21
5761 1 22
5762 4 2
5763 20 12
5764 4 5
5765 328 23
5766 1 14
5767 4 8
5768 1 16
5769 1 22
5770 2 14
5771 1 5
5772 2 15
5773 16 1
5774 1 2
5775 2 11
5776 1 9
5777 1 2
5778 3 20
5779 4 22
5780 442 4
5781 1 13
5782 1 10
5783 425 9
5784 13 19
5785 1 16
5786 9 16
5787 8 23
5788 2 15
5789 202 8
5790 1 6
5791 1 5
5792 1 5
5793 80 20
5794 1 24
5795 446 4
5796 1 23
5797 1 25
5798 1 1
5799 4 2
5800 1 4
5801 86 5
5802 2 18
5803 1 21
5804 20 1
5805 454 9
5806 43 1
5807 1 6
5808 2 25
5809 2 5
5810 8 24
5811 8 16
5812 1 9
5813 2 12
5814 6 17
5815 4 7
5816 1 17
5817 1 3
5818 1 1
5819 1 12
5820 1 21
5821 201 9
5822 244 11
5823 78 17
5824 238 19
5825 4 8
5826 8 5
5827 4 18
5828 1 2
5829 15 8
5830 1 2
5831 1 7
5832 26 1
5833 9 23
5834 2 25
5835 131 3
5836 196 21
5837 22 23
5838 1 4
5839 2 8
5840 2 11
5841 1 10
5842 1 13
5843 1 4
5844 6 21
5845 1 19
5846 3 16
5847 3 15
5848 1 5
5849 1 13
5850 27 6
5851 1 10
5852 288 5
5853 3 21
5854 8 23
5855 1 5
5856 1 18
5857 1 8
5858 142 22
5859 38 5
5860 3 6
5861 14 5
5862 14 4
5863 1 2
5864 1 20
5865 21 1
5866 2 17
5867 1 14
5868 5 9
5869 2 6
5870 11 4
5871 1 6
5872 2 5
5873 1 17
5874 124 7
5875 2 14
5876 330 17
5877 130 25
5878 12 1
5879 4 24
5880 1 23
5881 2 14
5882 7 9
5883 2 21
5884 7 2
5885 2 21
5886 1 24
5887 2 25
5888 1 1
5889 13 8
5890 32 12
5891 12 14
5892 1 23
5893 71 21
5894 11 6
5895 45 15
5896 145 7
5897 1 19
5898 2 20
5899 12 2
5900 2 10
5901 79 16
5902 1 12
5903 2 22
5904 3 19
5905 2 8
5906 1 25
5907 65 7
5908 1 3
5909 4 12
5910 5 6
5911 4 2
5912 2 8
5913 1 22
5914 254 12
5915 14 8
5916 128 4
5917 5 17
5918 1 6
5919 1 9
5920 11 11
5921 1 7
5922 1 2
5923 2 4
5924 1 3
5925 21 13
5926 4 12
5927 55 14
5928 6 8
5929 407 13
5930 2 22
5931 187 4
5932 484 18
5933 4 25
5934 9 17
5935 266 15
5936 189 15
5937 1 4
5938 12 6
5939 82 22
5940 1 10
5941 1 25
5942 1 16
5943 15 21
5944 25 14
5945 182 2
5946 1 13
5947 2 16
5948 7 21
5949 4 24
5950 82 14
5951 2 2
5952 5 8
5953 1 14
5954 8 25
5955 78 1
5956 100 11
5957 1 13
5958 357 15
5959 2 18
5960 123 3
5961 13 18
5962 1 19
5963 3 5
5964 1 22
5965 5 8
5966 1 13
5967 1 18
5968 58 21
5969 74 18
5970 2 25
5971 1 3
5972 1 22
5973 8 17
5974 5 22
5975 1 19
5976 118 21
5977 4 17
5978 395 10
5979 1 3
5980 9 1
5981 2 20
5982 14 6
5983 2 19
5984 503 23
5985 1 9
5986 484 14
5987 2 12
5988 4 21
5989 1 20
5990 3 9
5991 1 15
5992 200 11
5993 4 13
5994 3 9
5995 80 22
5996 250 6
5997 25 13
5998 13 18
5999 14 23
6000 4 1
6001 1 13
6002 12 23
6003 1 18
6004 54 12
6005 6 4
6006 8 10
6007 8 17
6008 1 16
6009 1 2
6010 1 3
6011 1 19
6012 1 2
6013 18 20
6014 2 23
6015 6 20
6016 4 5
6017 3 3
6018 334 6
6019 1 6
6020 108 19
6021 74 13
6022 12 11
6023 6 13
6024 340 15
6025 11 20
6026 1 10
6027 1 8
6028 2 5
6029 40 2
6030 1 14
6031 6 3
6032 1 5
6033 1 4
6034 117 18
6035 1 19
6036 2 1
6037 8 15
6038 2 7
6039 9 6
6040 29 18
6041 47 17
6042 1 10
6043 1 22
6044 1 8
6045 2 15
6046 2 20
6047 1 16
6048 49 9
6049 1 16
6050 1 12
6051 1 14
6052 475 1
6053 6 7
6054 1 3
6055 3 25
6056 1 14
6057 1 20
6058 4 14
6059 6 17
6060 335 23
6061 1 18
6062 6 9
6063 22 24
6064 2 22
6065 311 23
6066 25 14
6067 1 8
6068 19 21
6069 24 13
6070 2 6
6071 1 5
6072 238 5
6073 2 10
6074 4 16
6075 16 13
6076 204 19
6077 4 18
6078 1 19
6079 6 14
6080 1 8
6081 5 6
6082 4 10
6083 7 16
6084 4 14
6085 27 19
6086 50 5
6087 142 4
6088 4 13
6089 6 13
6090 1 22
6091 51 13
6092 1 20
6093 2 8
6094 2 13
6095 3 2
6096 1 5
6097 13 23
6098 4 1
6099 2 2
6100 20 21
6101 8 22
6102 1 18
6103 334 2
6104 8 19
6105 1 3
6106 4 16
6107 2 11
6108 16 6
6109 1 25
6110 6 22
6111 32 15
6112 4 10
6113 5 5
6114 18 6
6115 2 1
6116 4 3
6117 4 5
6118 1 24
6119 4 3
6120 1 12
6121 8 19
6122 4 14
6123 1 18
6124 196 7
6125 8 24
6126 2 22
6127 54 3
6128 8 18
6129 3 24
6130 1 10
6131 57 10
6132 6 3
6133 1 10
6134 1 25
6135 74 18
6136 5 11
6137 433 15
6138 8 13
6139 1 19
6140 5 6
6141 1 4
6142 2 10
6143 1 8
6144 1 24
6145 124 9
6146 1 15
6147 4 8
6148 286 8
6149 1 18
6150 4 2
6151 13 15
6152 68 1
6153 86 17
6154 1 22
6155 20 4
6156 2 8
6157 1 25
6158 8 23
6159 1 14
6160 1 21
6161 38 17
6162 7 18
6163 4 21
6164 6 18
6165 1 19
6166 3 16
6167 1 5
6168 41 19
6169 14 7
6170 9 5
6171 508 12
6172 18 12
6173 1 19
6174 117 11
6175 5 10
6176 183 9
6177 303 25
6178 1 5
6179 5 19
6180 2 14
6181 4 8
6182 17 16
6183 50 25
6184 3 11
6185 1 4
6186 10 6
6187 6 2
6188 6 6
6189 1 16
6190 8 3
6191 5 18
6192 104 16
6193 2 4
6194 96 8
6195 1 13
6196 284 10
6197 2 15
6198 4 14
6199 1 6
6200 14 3
6201 8 13
6202 56 11
6203 2 1
6204 1 15
6205 502 19
6206 248 7
6207 1 13
6208 4 18
6209 1 4
6210 1 15
6211 470 13
6212 1 7
6213 1 8
6214 1 7
6215 1 12
6216 2 2
6217 1 11
6218 1 10
6219 2 2
6220 6 19
6221 1 8
6222 3 21
6223 67 23
6224 1 18
6225 144 9
6226 372 2
6227 1 12
6228 269 25
6229 1 20
6230 2 10
6231 105 6
6232 8 2
6233 13 11
6234 2 6
6235 4 25
6236 1 21
6237 1 13
6238 2 10
6239 4 8
6240 2 4
6241 6 15
6242 1 7
6243 60 19
6244 8 11
6245 1 15
6246 44 14
6247 7 1
6248 149 22
6249 1 15
6250 1 3
6251 5 2
6252 39 24
6253 2 20
6254 4 23
6255 2 4
6256 427 4
6257 8 24
6258 1 18
6259 4 4
6260 2 8
6261 306 4
6262 1 1
6263 90 3
6264 10 9
6265 4 12
6266 6 23
6267 1 2
6268 1 7
6269 1 1
6270 61 1
6271 4 24
6272 39 5
6273 1 19
6274 1 21
6275 2 2
6276 1 14
6277 1 22
6278 351 1
6279 2 23
6280 1 11
6281 2 1
6282 58 3
6283 29 13
6284 4 3
6285 4 22
6286 173 25
6287 117 21
6288 37 14
6289 1 17
6290 5 22
6291 2 1
6292 4 18
6293 1 23
6294 2 12
6295 140 11
6296 7 1
6297 2 8
6298 201 11
6299 5 19
6300 228 7
6301 2 8
6302 33 14
6303 4 17
6304 6 20
6305 256 23
6306 50 11
6307 1 23
6308 2 23
6309 1 25
6310 14 17
6311 144 8
6312 2 7
6313 18 4
6314 44 14
6315 40 24
6316 7 10
6317 3 12
6318 38 18
6319 212 7
6320 58 7
6321 1 16
6322 1 6
6323 7 13
6324 3 12
6325 180 7
6326 156 16
6327 1 5
6328 2 11
6329 1 6
6330 4 2
6331 80 14
6332 2 11
6333 2 9
6334 1 4
6335 1 11
6336 7 5
6337 12 20
6338 4 23
6339 1 19
6340 1 4
6341 1 9
6342 3 13
6343 66 11
6344 13 3
6345 21 2
6346 1 11
6347 4 12
6348 4 1
6349 4 24
6350 75 8
6351 434 1
6352 1 2
6353 159 7
6354 1 9
6355 1 18
6356 1 7
6357 283 2
6358 4 3
6359 4 4
6360 1 19
6361 1 3
6362 7 18
6363 1 18
6364 1 15
6365 3 16
6366 5 14
6367 15 2
6368 1 19
6369 2 17
6370 1 11
6371 2 7
6372 293 10
6373 4 24
6374 18 19
6375 7 17
6376 1 15
6377 441 24
6378 9 12
6379 62 21
6380 78 16
6381 5 8
6382 2 13
6383 13 22
6384 21 24
6385 4 10
6386 88 10
6387 1 23
6388 1 1
6389 1 3
6390 1 11
6391 5 6
6392 2 1
6393 1 13
6394 4 14
6395 6 6
6396 2 3
6397 184 11
6398 1 19
6399 2 9
6400 1 17
6401 44 8
6402 2 3
6403 1 8
6404 32 21
6405 11 22
6406 8 4
6407 1 20
6408 1 23
6409 240 10
6410 1 20
6411 1 21
6412 14 22
6413 6 3
6414 83 1
6415 110 3
6416 3 19
6417 1 11
6418 2 14
6419 1 22
6420 54 23
6421 1 10
6422 9 7
6423 3 9
6424 1 8
6425 2 8
6426 1 12
6427 1 1
6428 2 3
6429 38 18
6430 1 24
6431 452 16
6432 2 20
6433 4 14
6434 1 1
6435 2 21
6436 3 23
6437 1 7
6438 1 17
6439 70 21
6440 5 3
6441 118 23
6442 1 9
6443 2 9
6444 1 1
6445 1 8
6446 1 13
6447 1 22
6448 2 15
6449 1 19
6450 384 16
6451 454 6
6452 240 12
6453 1 12
6454 430 16
6455 2 3
6456 1 12
6457 57 9
6458 25 21
6459 57 14
6460 133 18
6461 2 6
6462 1 10
6463 166 12
6464 135 14
6465 41 13
6466 21 4
6467 1 8
6468 21 12
6469 1 21
6470 67 4
6471 4 8
6472 1 1
6473 8 20
6474 138 9
6475 49 12
6476 1 9
6477 4 17
6478 2 2
6479 1 14
6480 1 19
6481 14 11
6482 13 3
6483 454 12
6484 2 12
6485 1 14
6486 2 11
6487 9 8
6488 1 16
6489 3 15
6490 1 18
6491 1 14
6492 2 16
6493 1 16
6494 27 24
6495 1 2
6496 2 23
6497 2 14
6498 6 24
6499 100 19
6500 4 18
6501 2 9
6502 6 6
6503 1 7
6504 209 5
6505 1 21
6506 1 24
6507 7 7
6508 2 15
6509 1 6
6510 364 4
6511 1 16
6512 36 4
6513 1 23
6514 361 22
6515 496 20
6516 1 18
6517 2 6
6518 69 25
6519 66 8
6520 1 20
6521 1 18
6522 1 20
6523 12 23
6524 386 8
6525 330 13
6526 476 23
6527 1 17
6528 1 25
6529 2 12
6530 7 22
6531 288 4
6532 2 21
6533 1 6
6534 37 23
6535 1 6
6536 1 14
6537 1 22
6538 1 5
6539 6 19
6540 2 1
6541 2 7
6542 41 10
6543 4 19
6544 231 22
6545 2 20
6546 26 10
6547 1 18
6548 1 15
6549 2 3
6550 39 14
6551 101 24
6552 2 12
6553 2 2
6554 1 20
6555 1 5
6556 1 22
6557 25 21
6558 120 7
6559 3 19
6560 1 18
6561 2 13
6562 1 13
6563 18 3
6564 68 3
6565 3 8
6566 1 9
6567 1 17
6568 1 21
6569 12 14
6570 2 5
6571 2 13
6572 1 21
6573 1 8
6574 11 2
6575 1 3
6576 1 13
6577 4 4
6578 1 14
6579 1 9
6580 2 14
6581 8 1
6582 1 5
6583 3 8
6584 110 12
6585 1 19
6586 7 13
6587 1 16
6588 2 5
6589 1 3
6590 9 2
6591 120 17
6592 16 8
6593 7 14
6594 54 15
6595 1 14
6596 2 9
6597 2 24
6598 1 23
6599 24 12
6600 12 14
6601 1 8
6602 12 17
6603 98 24
6604 4 11
6605 239 8
6606 7 21
6607 3 14
6608 10 9
6609 1 8
6610 15 20
6611 29 25
6612 45 15
6613 2 23
6614 1 8
6615 2 1
6616 2 3
6617 2 14
6618 1 10
6619 1 2
6620 2 4
6621 58 1
6622 431 4
6623 4 15
6624 24 11
6625 6 21
6626 1 18
6627 2 12
6628 1 12
6629 16 3
6630 1 13
6631 3 19
6632 28 22
6633 1 15
6634 19 17
6635 1 17
6636 7 17
6637 9 9
6638 58 4
6639 17 4
6640 1 17
6641 1 13
6642 204 7
6643 9 17
6644 1 25
6645 10 5
6646 2 19
6647 2 14
6648 7 13
6649 3 7
6650 1 12
6651 12 25
6652 3 7
6653 22 14
6654 40 18
6655 13 9
6656 14 18
6657 1 19
6658 3 9
6659 1 2
6660 2 22
6661 22 10
6662 153 10
6663 1 1
6664 2 16
6665 21 25
6666 2 8
6667 4 17
6668 1 10
6669 1 1
6670 132 19
6671 17 15
6672 3 17
6673 299 21
6674 60 3
6675 67 3
6676 3 22
6677 135 11
6678 4 3
6679 6 11
6680 238 1
6681 89 5
6682 56 10
6683 4 4
6684 1 17
6685 13 17
6686 1 21
6687 1 16
6688 195 18
6689 12 5
6690 2 8
6691 2 23
6692 2 23
6693 1 25
6694 1 4
6695 7 7
6696 1 5
6697 2 16
6698 1 23
6699 2 7
6700 26 17
6701 17 24
6702 1 24
6703 6 4
6704 4 14
6705 2 15
6706 1 11
6707 3 17
6708 15 4
6709 41 15
6710 8 13
6711 1 17
6712 118 24
6713 1 20
6714 1 20
6715 13 20
6716 1 6
6717 2 23
6718 64 6
6719 1 2
6720 1 13
6721 2 23
6722 1 17
6723 24 15
6724 73 9
6725 148 2
6726 352 10
6727 185 16
6728 6 19
6729 4 15
6730 1 23
6731 1 11
6732 1 14
6733 1 5
6734 19 19
6735 1 1
6736 1 18
6737 4 13
6738 1 18
6739 1 15
6740 1 9
6741 9 23
6742 1 19
6743 1 15
6744 32 1
6745 27 4
6746 50 7
6747 15 17
6748 1 21
6749 24 1
6750 1 5
6751 3 4
6752 7 11
6753 6 11
6754 1 9
6755 123 23
6756 11 23
6757 4 21
6758 5 22
6759 1 11
6760 424 16
6761 2 18
6762 4 18
6763 37 18
6764 4 16
6765 52 10
6766 121 10
6767 212 15
6768 483 16
6769 52 7
6770 10 1
6771 26 9
6772 3 13
6773 1 22
6774 1 21
6775 29 18
6776 15 13
6777 1 25
6778 3 19
6779 26 4
6780 176 9
6781 1 4
6782 47 11
6783 278 19
6784 1 23
6785 1 17
6786 2 19
6787 19 10
6788 129 10
6789 218 2
6790 2 15
6791 1 12
6792 5 19
6793 31 9
6794 30 9
6795 2 7
6796 2 17
6797 1 19
6798 8 25
6799 1 18
6800 1 10
6801 1 8
6802 3 19
6803 1 20
6804 1 12
6805 3 18
6806 6 14
6807 1 19
6808 11 5
6809 7 2
6810 1 18
6811 1 8
6812 1 23
6813 1 18
6814 15 1
6815 3 24
6816 2 7
6817 168 2
6818 2 10
6819 1 18
6820 1 1
6821 1 8
6822 1 17
6823 2 18
6824 288 23
6825 59 5
6826 1 1
6827 46 2
6828 1 10
6829 1 25
6830 16 5
6831 1 5
6832 11 7
6833 1 6
6834 1 7
6835 1 22
6836 493 17
6837 1 7
6838 1 12
6839 5 8
6840 217 6
6841 21 13
6842 15 9
6843 1 8
6844 1 3
6845 1 25
6846 2 9
6847 2 19
6848 39 20
6849 7 7
6850 1 2
6851 1 20
6852 1 23
6853 1 2
6854 430 21
6855 1 24
6856 1 7
6857 3 13
6858 1 9
6859 4 2
6860 1 13
6861 1 11
6862 2 7
6863 2 19
6864 2 7
6865 1 2
6866 1 18
6867 7 22
6868 12 3
6869 2 20
6870 37 17
6871 13 21
6872 4 5
6873 12 22
6874 1 10
6875 13 22
6876 1 19
6877 16 22
6878 3 2
6879 2 5
6880 1 14
6881 1 11
6882 1 13
6883 11 14
6884 1 10
6885 1 24
6886 236 6
6887 75 25
6888 15 13
6889 1 13
6890 1 18
6891 60 16
6892 2 5
6893 1 9
6894 39 24
6895 1 14
6896 5 14
6897 1 7
6898 8 25
6899 45 19
6900 2 3
6901 147 10
6902 3 18
6903 10 21
6904 3 21
6905 7 21
6906 12 6
6907 1 12
6908 1 9
6909 472 5
6910 2 16
6911 1 13
6912 92 6
6913 8 9
6914 1 6
6915 1 21
6916 1 21
6917 1 9
6918 1 23
6919 1 22
6920 1 24
6921 28 12
6922 453 11
6923 1 5
6924 11 3
6925 8 1
6926 2 18
6927 144 15
6928 1 13
6929 52 3
6930 195 4
6931 1 18
6932 9 16
6933 1 21
6934 14 17
6935 1 3
6936 2 18
6937 4 11
6938 77 11
6939 34 10
6940 252 25
6941 1 5
6942 1 20
6943 1 25
6944 1 4
6945 1 9
6946 7 21
6947 394 24
6948 229 7
6949 1 12
6950 2 16
6951 10 19
6952 132 12
6953 1 10
6954 2 25
6955 1 11
6956 1 12
6957 192 4
6958 2 3
6959 1 4
6960 20 19
6961 6 3
6962 2 17
6963 1 10
6964 1 6
6965 466 13
6966 1 18
6967 178 12
6968 1 14
6969 3 23
6970 2 10
6971 6 9
6972 1 24
6973 3 3
6974 25 13
6975 4 18
6976 11 12
6977 2 20
6978 2 23
6979 333 24
6980 209 1
6981 47 1
6982 1 10
6983 8 8
6984 1 18
6985 119 7
6986 1 8
6987 1 10
6988 4 11
6989 1 4
6990 2 3
6991 1 8
6992 1 6
6993 2 7
6994 101 25
6995 1 22
6996 2 11
6997 1 20
6998 343 11
6999 3 7
7000 10 16
7001 215 21
7002 1 4
7003 171 23
7004 106 20
7005 1 21
7006 1 21
7007 1 11
7008 2 6
7009 1 3
7010 32 12
7011 1 24
7012 1 9
7013 25 15
7014 200 8
7015 1 8
7016 10 23
7017 1 9
7018 1 8
7019 1 13
7020 2 19
7021 14 23
7022 1 3
7023 1 11
7024 1 18
7025 1 21
7026 2 13
7027 2 25
7028 1 21
7029 1 21
7030 16 22
7031 3 22
7032 4 24
7033 2 4
7034 1 9
7035 2 18
7036 10 5
7037 159 14
7038 213 1
7039 5 17
7040 4 14
7041 491 1
7042 23 4
7043 4 25
7044 1 9
7045 26 19
7046 13 18
7047 10 12
7048 1 15
7049 4 25
7050 76 5
7051 1 9
7052 1 23
7053 1 22
7054 1 10
7055 2 3
7056 5 14
7057 16 20
7058 2 22
7059 392 15
7060 1 1
7061 263 18
7062 5 2
7063 21 25
7064 2 21
7065 2 18
7066 42 12
7067 3 24
7068 1 13
7069 1 15
7070 3 24
7071 1 12
7072 2 22
7073 2 10
7074 24 11
7075 5 5
7076 43 22
7077 1 3
7078 35 17
7079 1 10
7080 4 7
7081 1 9
7082 277 22
7083 237 22
7084 1 12
7085 185 22
7086 1 23
7087 3 15
7088 1 5
7089 21 6
7090 94 11
7091 230 14
7092 2 21
7093 2 20
7094 15 10
7095 5 12
7096 1 17
7097 1 18
7098 1 8
7099 1 5
7100 2 13
7101 1 15
7102 48 15
7103 3 1
7104 1 12
7105 4 2
7106 341 16
7107 1 20
7108 62 15
7109 3 7
7110 4 11
7111 3 13
7112 26 20
7113 292 24
7114 1 9
7115 43 22
7116 1 3
7117 18 1
7118 1 1
7119 33 13
7120 8 21
7121 63 16
7122 1 15
7123 2 12
7124 2 3
7125 6 5
7126 1 12
7127 1 11
7128 38 14
7129 475 12
7130 2 11
7131 1 20
7132 1 5
7133 17 5
7134 374 6
7135 116 2
7136 1 5
7137 2 7
7138 1 21
7139 1 21
7140 6 18
7141 1 9
7142 1 3
7143 1 12
7144 4 2
7145 10 21
7146 2 23
7147 291 18
7148 1 21
7149 1 11
7150 98 24
7151 1 2
7152 20 8
7153 60 10
7154 2 24
7155 2 5
7156 3 17
7157 1 21
7158 2 20
7159 1 25
7160 4 7
7161 1 22
7162 1 9
7163 1 12
7164 139 25
7165 509 11
7166 10 24
7167 15 17
7168 25 12
7169 6 5
7170 11 21
7171 269 8
7172 1 25
7173 2 16
7174 1 17
7175 2 17
7176 289 6
7177 1 2
7178 2 21
7179 1 16
7180 3 1
7181 1 8
7182 7 3
7183 2 18
7184 3 3
7185 91 20
7186 7 13
7187 2 25
7188 479 11
7189 11 14
7190 2 19
7191 2 5
7192 50 14
7193 8 19
7194 1 15
7195 1 14
7196 2 21
7197 7 24
7198 1 18
7199 1 11
7200 13 18
7201 1 4
7202 1 18
7203 3 12
7204 1 10
7205 1 24
7206 1 5
7207 1 10
7208 444 11
7209 6 5
7210 1 22
7211 3 10
7212 3 19
7213 7 21
7214 3 18
7215 7 14
7216 233 11
7217 1 7
7218 1 3
7219 1 11
7220 1 11
7221 1 15
7222 443 6
7223 1 1
7224 1 15
7225 3 20
7226 4 18
7227 58 16
7228 4 5
7229 140 6
7230 2 7
7231 2 12
7232 48 13
7233 1 19
7234 304 20
7235 61 22
7236 2 23
7237 1 5
7238 1 21
7239 2 22
7240 1 20
7241 325 1
7242 15 6
7243 23 23
7244 1 8
7245 1 5
7246 1 4
7247 1 9
7248 2 6
7249 467 4
7250 8 12
7251 2 23
7252 1 16
7253 2 12
7254 1 5
7255 61 23
7256 186 5
7257 5 1
7258 1 25
7259 192 21
7260 2 8
7261 1 22
7262 116 16
7263 11 25
7264 1 19
7265 5 17
7266 35 19
7267 13 18
7268 60 14
7269 1 19
7270 40 19
7271 2 14
7272 1 23
7273 173 5
7274 27 3
7275 1 14
7276 1 22
7277 6 3
7278 1 16
7279 1 7
7280 9 2
7281 1 11
7282 1 3
7283 2 20
7284 1 20
7285 30 23
7286 7 12
7287 1 10
7288 126 4
7289 43 25
7290 404 7
7291 1 17
7292 2 10
7293 1 9
7294 1 1
7295 463 8
7296 4 15
7297 2 11
7298 44 8
7299 190 1
7300 2 16
7301 1 14
7302 11 7
7303 1 16
7304 3 10
7305 42 20
7306 4 21
7307 2 24
7308 81 19
7309 13 23
7310 2 16
7311 2 15
7312 1 21
7313 59 18
7314 1 16
7315 38 17
7316 1 12
7317 173 25
7318 3 24
7319 28 9
7320 2 2
7321 22 8
7322 4 8
7323 125 8
7324 1 6
7325 9 16
7326 16 15
7327 4 7
7328 24 18
7329 408 11
7330 2 4
7331 1 4
7332 1 8
7333 198 6
7334 7 19
7335 4 8
7336 1 20
7337 1 4
7338 1 11
7339 57 7
7340 109 9
7341 6 11
7342 12 18
7343 1 12
7344 12 13
7345 12 21
7346 148 10
7347 16 15
7348 1 25
7349 3 13
7350 200 16
7351 12 15
7352 1 1
7353 29 12
7354 1 1
7355 1 20
7356 300 25
7357 113 21
7358 87 16
7359 1 23
7360 1 3
7361 67 19
7362 1 25
7363 44 24
7364 3 25
7365 2 18
7366 16 15
7367 1 14
7368 8 24
7369 1 1
7370 1 8
7371 217 10
7372 93 13
7373 12 23
7374 61 25
7375 2 14
7376 2 14
7377 1 10
7378 39 17
7379 1 18
7380 1 21
7381 50 19
7382 2 9
7383 4 3
7384 1 12
7385 1 10
7386 4 18
7387 11 25
7388 1 1
7389 3 22
7390 1 3
7391 6 2
7392 1 23
7393 1 22
7394 7 23
7395 7 23
7396 1 5
7397 1 3
7398 453 18
7399 11 4
7400 25 3
7401 4 16
7402 5 9
7403 191 19
7404 247 1
7405 4 2
7406 8 1
7407 23 16
7408 40 16
7409 2 22
7410 68 12
7411 51 17
7412 1 15
7413 8 15
7414 181 13
7415 2 24
7416 429 21
7417 2 18
7418 1 5
7419 204 12
7420 1 4
7421 314 24
7422 479 10
7423 1 14
7424 387 8
7425 393 25
7426 15 7
7427 1 6
7428 1 13
7429 4 9
7430 154 12
7431 7 18
7432 122 14
7433 1 21
7434 124 1
7435 2 18
7436 3 12
7437 1 11
7438 14 1
7439 1 20
7440 159 3
7441 1 25
7442 1 17
7443 1 3
7444 1 18
7445 1 20
7446 4 2
7447 3 15
7448 17 10
7449 402 5
7450 1 8
7451 1 9
7452 1 17
7453 7 12
7454 2 8
7455 5 8
7456 10 20
7457 75 15
7458 352 25
7459 1 14
7460 26 4
7461 5 11
7462 23 11
7463 396 11
7464 2 11
7465 1 20
7466 1 24
7467 19 12
7468 36 7
7469 101 11
7470 1 20
7471 361 20
7472 4 9
7473 14 10
7474 1 17
7475 1 5
7476 1 9
7477 11 23
7478 3 22
7479 14 21
7480 16 7
7481 1 2
7482 9 11
7483 6 13
7484 1 22
7485 1 10
7486 2 22
7487 1 5
7488 4 21
7489 1 20
7490 4 23
7491 1 14
7492 2 25
7493 4 10
7494 3 21
7495 32 17
7496 2 25
7497 1 20
7498 15 3
7499 5 10
7500 2 14
7501 4 3
7502 1 16
7503 408 18
7504 1 4
7505 1 18
7506 4 7
7507 4 13
7508 214 22
7509 1 2
7510 154 21
7511 3 25
7512 18 2
7513 286 20
7514 448 4
7515 16 8
7516 1 8
7517 4 20
7518 118 21
7519 53 12
7520 17 11
7521 1 4
7522 1 5
7523 3 18
7524 342 17
7525 3 16
7526 305 15
7527 5 22
7528 1 6
7529 6 6
7530 1 13
7531 160 25
7532 3 14
7533 7 15
7534 1 23
7535 1 22
7536 1 9
7537 2 12
7538 69 23
7539 1 17
7540 1 20
7541 31 6
7542 4 21
7543 21 2
7544 1 2
7545 1 21
7546 2 25
7547 16 13
7548 1 2
7549 24 11
7550 3 2
7551 1 9
7552 84 16
7553 4 7
7554 1 3
7555 2 5
7556 2 9
7557 3 20
7558 16 13
7559 8 9
7560 15 24
7561 1 3
7562 2 12
7563 7 1
7564 22 7
7565 1 13
7566 1 18
7567 366 9
7568 31 22
7569 1 23
7570 1 9
7571 1 9
7572 1 16
7573 1 25
7574 5 14
7575 11 4
7576 2 18
7577 1 20
7578 2 20
7579 18 6
7580 6 9
7581 12 14
7582 388 2
7583 5 24
7584 2 11
7585 2 25
7586 3 6
7587 1 12
7588 419 16
7589 1 23
7590 1 14
7591 4 14
7592 1 4
7593 90 16
7594 241 23
7595 2 8
7596 1 16
7597 89 22
7598 2 21
7599 87 14
7600 500 25
7601 8 5
7602 1 6
7603 285 6
7604 127 6
7605 164 10
7606 1 19
7607 88 25
7608 4 1
7609 13 24
7610 6 2
7611 1 24
7612 1 16
7613 1 3
7614 1 7
7615 3 18
7616 1 16
7617 1 20
7618 17 5
7619 4 22
7620 1 13
7621 1 24
7622 5 2
7623 2 22
7624 1 8
7625 2 9
7626 16 25
7627 1 20
7628 349 13
7629 1 19
7630 18 21
7631 1 16
7632 1 7
7633 1 9
7634 2 22
7635 1 16
7636 2 5
7637 1 13
7638 1 16
7639 1 25
7640 1 18
7641 51 12
7642 1 4
7643 1 23
7644 16 6
7645 1 12
7646 1 3
7647 414 9
7648 41 4
7649 40 23
7650 466 21
7651 1 17
7652 177 2
7653 349 2
7654 1 4
7655 1 20
7656 1 13
7657 1 13
7658 1 15
7659 1 17
7660 1 5
7661 2 3
7662 4 12
7663 197 17
7664 6 8
7665 1 19
7666 146 2
7667 1 15
7668 1 1
7669 2 1
7670 2 4
7671 1 24
7672 2 21
7673 15 11
7674 4 7
7675 45 7
7676 1 14
7677 1 2
7678 1 7
7679 30 18
7680 1 2
7681 3 13
7682 2 6
7683 2 16
7684 3 15
7685 92 25
7686 1 1
7687 2 22
7688 2 1
7689 1 15
7690 81 13
7691 1 20
7692 249 6
7693 31 8
7694 8 6
7695 17 9
7696 6 22
7697 2 22
7698 185 9
7699 2 16
7700 6 19
7701 39 11
7702 1 16
7703 6 5
7704 2 15
7705 2 15
7706 1 11
7707 7 13
7708 2 18
7709 5 9
7710 1 25
7711 44 19
7712 1 23
7713 15 20
7714 1 15
7715 11 17
7716 1 9
7717 450 7
7718 2 11
7719 13 17
7720 1 6
7721 2 22
7722 229 13
7723 1 25
7724 8 20
7725 1 11
7726 2 20
7727 7 3
7728 1 10
7729 27 2
7730 5 16
7731 34 12
7732 2 5
7733 356 18
7734 2 1
7735 2 5
7736 1 23
7737 1 9
7738 1 7
7739 23 9
7740 1 13
7741 1 16
7742 1 4
7743 308 1
7744 1 1
7745 1 19
7746 1 20
7747 1 21
7748 152 21
7749 1 6
7750 6 8
7751 8 18
7752 1 19
7753 1 21
7754 3 18
7755 1 7
7756 254 23
7757 363 21
7758 1 2
7759 3 2
7760 4 24
7761 4 3
7762 1 20
7763 7 10
7764 1 14
7765 1 9
7766 3 24
7767 15 7
7768 1 13
7769 22 1
7770 1 15
7771 2 19
7772 1 22
7773 1 20
7774 1 20
7775 1 16
7776 8 4
7777 3 3
7778 1 4
7779 14 11
7780 323 11
7781 7 21
7782 1 14
7783 5 3
7784 2 5
7785 29 7
7786 1 13
7787 1 11
7788 2 12
7789 2 6
7790 1 18
7791 1 8
7792 1 12
7793 3 25
7794 3 9
7795 1 10
7796 8 23
7797 5 3
7798 22 16
7799 1 2
7800 1 19
7801 2 20
7802 14 15
7803 29 4
7804 179 25
7805 8 10
7806 1 7
7807 14 9
7808 1 23
7809 218 2
7810 1 24
7811 11 9
7812 1 7
7813 1 20
7814 1 19
7815 2 19
7816 1 22
7817 30 2
7818 1 13
7819 2 23
7820 73 18
7821 7 25
7822 3 19
7823 3 13
7824 45 13
7825 1 21
7826 1 5
7827 8 5
7828 1 22
7829 1 19
7830 1 16
7831 3 20
7832 1 15
7833 3 21
7834 1 1
7835 2 17
7836 1 21
7837 1 10
7838 5 5
7839 9 18
7840 1 20
7841 2 17
7842 2 15
7843 6 22
7844 4 19
7845 10 11
7846 1 2
7847 34 2
7848 48 3
7849 7 1
7850 2 22
7851 14 1
7852 176 22
7853 5 20
7854 1 10
7855 16 9
7856 1 24
7857 300 22
7858 1 16
7859 134 22
7860 112 11
7861 7 5
7862 1 8
7863 2 13
7864 8 15
7865 30 7
7866 3 5
7867 178 5
7868 1 8
7869 440 21
7870 1 18
7871 1 4
7872 3 4
7873 1 24
7874 7 4
7875 1 19
7876 1 8
7877 1 19
7878 1 25
7879 113 16
7880 3 11
7881 35 14
7882 4 11
7883 1 16
7884 1 21
7885 1 12
7886 1 12
7887 35 25
7888 30 19
7889 88 19
7890 1 25
7891 1 19
7892 1 12
7893 1 13
7894 399 18
7895 4 2
7896 136 22
7897 1 20
7898 1 9
7899 2 14
7900 1 11
7901 1 7
7902 2 1
7903 5 16
7904 2 19
7905 151 1
7906 3 21
7907 170 10
7908 13 20
7909 2 11
7910 7 24
7911 9 25
7912 6 5
7913 8 24
7914 1 12
7915 87 19
7916 1 1
7917 1 19
7918 61 23
7919 1 8
7920 10 6
7921 5 12
7922 1 21
7923 414 21
7924 1 14
7925 1 23
7926 1 16
7927 1 23
7928 7 16
7929 3 19
7930 208 22
7931 9 23
7932 58 17
7933 1 20
7934 1 20
7935 7 20
7936 2 13
7937 13 5
7938 486 9
7939 2 14
7940 2 1
7941 1 22
7942 8 16
7943 117 17
7944 15 20
7945 2 16
7946 1 13
7947 3 21
7948 6 25
7949 5 4
7950 3 22
7951 31 12
7952 1 7
7953 46 7
7954 84 12
7955 2 22
7956 7 13
7957 1 17
7958 6 1
7959 23 8
7960 2 23
7961 1 2
7962 1 23
7963 1 20
7964 1 18
7965 293 12
7966 1 9
7967 7 14
7968 1 24
7969 1 21
7970 49 21
7971 3 7
7972 377 16
7973 58 1
7974 1 12
7975 2 16
7976 8 13
7977 1 16
7978 22 7
7979 2 24
7980 1 6
7981 4 17
7982 1 9
7983 88 11
7984 44 1
7985 1 15
7986 7 6
7987 2 4
7988 268 3
7989 14 7
7990 2 3
7991 3 11
7992 4 7
7993 3 8
7994 4 5
7995 1 11
7996 1 24
7997 21 13
7998 2 21
7999 1 18
8000 400 10
8001 1 19
8002 235 16
8003 1 8
8004 1 5
8005 6 14
8006 4 19
8007 3 20
8008 4 2
8009 2 18
8010 1 18
8011 376 21
8012 1 3
8013 21 23
8014 1 13
8015 63 17
8016 1 5
8017 8 10
8018 16 16
8019 14 25
8020 6 8
8021 3 20
8022 19 23
8023 1 18
8024 1 2
8025 2 12
8026 189 24
8027 28 24
8028 1 3
8029 4 2
8030 2 19
8031 19 15
8032 459 21
8033 1 12
8034 228 4
8035 197 4
8036 1 1
8037 307 13
8038 12 21
8039 4 16
8040 12 20
8041 162 6
8042 1 16
8043 2 1
8044 150 10
8045 189 21
8046 4 21
8047 371 8
8048 215 5
8049 1 4
8050 71 23
8051 32 3
8052 3 1
8053 2 3
8054 1 12
8055 83 4
8056 6 6
8057 4 3
8058 10 7
8059 1 13
8060 3 16
8061 21 5
8062 3 16
8063 64 20
8064 4 21
8065 1 22
8066 2 19
8067 396 15
8068 160 19
8069 4 4
8070 1 9
8071 451 2
8072 2 1
8073 62 8
8074 2 8
8075 1 17
8076 1 4
8077 1 12
8078 1 22
8079 2 15
8080 159 9
8081 1 4
8082 251 16
8083 1 17
8084 54 17
8085 2 22
8086 1 22
8087 7 22
8088 65 13
8089 2 17
8090 1 2
8091 3 9
8092 74 15
8093 1 10
8094 2 12
8095 16 8
8096 8 22
8097 11 23
8098 1 20
8099 41 10
8100 1 18
8101 1 25
8102 2 7
8103 8 15
8104 1 14
8105 19 22
8106 2 7
8107 27 21
8108 1 17
8109 51 12
8110 1 1
8111 16 22
8112 1 23
8113 2 8
8114 3 8
8115 4 3
8116 1 10
8117 1 2
8118 2 4
8119 1 11
8120 1 19
8121 181 2
8122 1 7
8123 1 24
8124 1 5
8125 1 11
8126 1 18
8127 13 13
8128 2 21
8129 5 22
8130 197 4
8131 11 4
8132 33 18
8133 1 6
8134 4 5
8135 4 22
8136 2 20
8137 55 9
8138 201 1
8139 54 17
8140 1 19
8141 3 1
8142 4 10
8143 1 22
8144 1 17
8145 2 9
8146 5 17
8147 162 1
8148 2 14
8149 60 11
8150 5 5
8151 8 3
8152 1 13
8153 89 5
8154 2 20
8155 2 23
8156 9 17
8157 2 21
8158 2 16
8159 6 25
8160 2 5
8161 1 13
8162 1 6
8163 112 17
8164 2 24
8165 1 24
8166 338 4
8167 1 25
8168 1 4
8169 1 4
8170 8 13
8171 2 15
8172 406 20
8173 2 12
8174 1 14
8175 1 22
8176 5 22
8177 2 2
8178 1 10
8179 16 19
8180 7 7
8181 2 9
8182 256 18
8183 321 17
8184 3 16
8185 1 25
8186 1 15
8187 8 16
8188 21 21
8189 1 3
8190 4 13
8191 25 13
8192 65 25
8193 24 17
8194 1 7
8195 1 8
8196 1 6
8197 2 3
8198 1 7
8199 2 3
8200 289 2
8201 123 17
8202 22 18
8203 91 21
8204 2 22
8205 1 12
8206 1 7
8207 123 2
8208 2 1
8209 1 4
8210 10 11
8211 3 20
8212 1 16
8213 6 5
8214 3 24
8215 1 7
8216 31 25
8217 230 21
8218 1 10
8219 1 25
8220 14 7
8221 406 15
8222 1 3
8223 1 20
8224 2 9
8225 4 7
8226 2 22
8227 91 14
8228 63 14
8229 79 20
8230 1 25
8231 14 2
8232 1 2
8233 94 22
8234 1 15
8235 125 12
8236 1 17
8237 2 5
8238 1 25
8239 1 4
8240 58 5
8241 1 1
8242 60 23
8243 3 6
8244 4 22
8245 1 22
8246 1 8
8247 2 24
8248 1 12
8249 1 17
8250 7 5
8251 52 10
8252 1 16
8253 205 20
8254 1 25
8255 1 10
8256 2 14
8257 12 25
8258 6 3
8259 23 22
8260 52 3
8261 4 7
8262 51 12
8263 1 13
8264 140 2
8265 21 23
8266 2 24
8267 4 2
8268 1 14
8269 503 19
8270 2 3
8271 1 15
8272 16 10
8273 3 4
8274 92 25
8275 62 5
8276 1 13
8277 176 13
8278 1 5
8279 23 14
8280 1 17
8281 16 15
8282 1 16
8283 424 10
8284 1 14
8285 2 10
8286 1 2
8287 1 17
8288 7 16
8289 12 8
8290 4 14
8291 1 9
8292 1 2
8293 113 24
8294 15 15
8295 2 11
8296 3 10
8297 2 7
8298 34 1
8299 1 4
8300 324 4
8301 1 21
8302 1 3
8303 1 23
8304 199 18
8305 486 21
8306 1 22
8307 23 20
8308 1 13
8309 17 11
8310 2 23
8311 1 15
8312 2 19
8313 1 2
8314 107 10
8315 6 4
8316 2 21
8317 14 3
8318 1 12
8319 4 13
8320 4 20
8321 87 22
8322 1 6
8323 4 15
8324 251 1
8325 1 6
8326 358 5
8327 87 25
8328 3 23
8329 1 21
8330 2 6
8331 57 11
8332 1 1
8333 6 18
8334 1 24
8335 6 12
8336 2 18
8337 9 14
8338 1 15
8339 12 13
8340 2 20
8341 128 12
8342 16 15
8343 10 6
8344 1 10
8345 16 4
8346 2 18
8347 1 22
8348 3 21
8349 29 6
8350 2 5
8351 499 15
8352 4 23
8353 2 7
8354 189 11
8355 134 8
8356 2 16
8357 2 1
8358 1 2
8359 489 8
8360 1 1
8361 3 5
8362 3 4
8363 341 21
8364 6 24
8365 328 9
8366 1 22
8367 1 22
8368 17 25
8369 1 25
8370 1 6
8371 344 19
8372 2 10
8373 4 22
8374 26 23
8375 1 19
8376 260 4
8377 1 12
8378 4 25
8379 125 12
8380 5 19
8381 32 18
8382 332 22
8383 1 16
8384 40 16
8385 387 5
8386 422 11
8387 2 8
8388 220 2
8389 7 23
8390 384 24
8391 17 11
8392 1 24
8393 1 12
8394 8 23
8395 111 8
8396 22 8
8397 1 5
8398 136 10
8399 2 10
8400 4 22
8401 1 14
8402 124 9
8403 11 3
8404 15 17
8405 1 4
8406 1 11
8407 1 8
8408 1 12
8409 1 13
8410 4 14
8411 15 8
8412 1 23
8413 127 24
8414 2 1
8415 413 23
8416 68 18
8417 1 9
8418 160 17
8419 1 9
8420 7 14
8421 1 8
8422 1 4
8423 3 14
8424 1 6
8425 6 23
8426 1 20
8427 2 25
8428 6 19
8429 34 13
8430 3 22
8431 1 16
8432 2 9
8433 105 2
8434 70 9
8435 1 12
8436 2 9
8437 4 6
8438 1 7
8439 1 1
8440 4 12
8441 1 9
8442 4 23
8443 1 22
8444 1 20
8445 1 24
8446 2 12
8447 2 15
8448 8 18
8449 1 23
8450 27 9
8451 3 14
8452 275 15
8453 310 4
8454 119 10
8455 2 12
8456 3 18
8457 1 23
8458 1 17
8459 1 7
8460 2 15
8461 82 6
8462 13 10
8463 4 7
8464 7 18
8465 5 13
8466 2 16
8467 2 23
8468 1 22
8469 1 25
8470 2 16
8471 4 15
8472 1 12
8473 2 15
8474 6 2
8475 6 23
8476 1 4
8477 8 9
8478 12 2
8479 15 6
8480 2 23
8481 1 14
8482 1 8
8483 3 8
8484 11 6
8485 19 13
8486 1 21
8487 296 16
8488 1 25
8489 1 6
8490 7 23
8491 1 21
8492 9 1
8493 1 22
8494 1 21
8495 7 2
8496 7 24
8497 1 6
8498 502 8
8499 123 16
8500 3 16
8501 1 5
8502 94 3
8503 4 18
8504 6 5
8505 1 21
8506 1 13
8507 18 11
8508 22 5
8509 1 15
8510 6 3
8511 2 9
8512 1 9
8513 1 7
8514 1 1
8515 132 16
8516 1 13
8517 2 19
8518 16 20
8519 1 5
8520 1 19
8521 1 20
8522 1 23
8523 2 12
8524 1 14
8525 15 1
8526 1 23
8527 60 2
8528 26 4
8529 1 21
8530 1 21
8531 8 22
8532 4 23
8533 25 4
8534 1 20
8535 425 10
8536 2 24
8537 1 15
8538 1 22
8539 15 8
8540 28 24
8541 1 6
8542 26 24
8543 5 9
8544 31 9
8545 29 22
8546 10 25
8547 254 10
8548 21 5
8549 62 20
8550 1 17
8551 1 23
8552 1 23
8553 5 12
8554 27 2
8555 4 11
8556 348 13
8557 1 1
8558 10 16
8559 2 14
8560 3 15
8561 397 7
8562 7 11
8563 12 1
8564 7 25
8565 5 6
8566 331 14
8567 1 24
8568 2 18
8569 1 25
8570 48 15
8571 236 17
8572 44 19
8573 5 17
8574 1 17
8575 1 11
8576 2 18
8577 4 4
8578 2 4
8579 3 7
8580 1 13
8581 4 7
8582 29 9
8583 2 16
8584 16 25
8585 1 20
8586 2 4
8587 1 20
8588 41 16
8589 15 7
8590 1 1
8591 2 20
8592 133 3
8593 1 18
8594 1 2
8595 48 3
8596 1 16
8597 5 15
8598 2 18
8599 1 14
8600 3 11
8601 298 9
8602 5 4
8603 45 19
8604 1 12
8605 83 21
8606 4 14
8607 1 25
8608 1 5
8609 18 13
8610 5 16
8611 28 7
8612 1 1
8613 1 1
8614 16 14
8615 4 9
8616 1 13
8617 2 16
8618 1 15
8619 307 18
8620 4 11
8621 172 18
8622 123 23
8623 196 22
8624 1 6
8625 1 15
8626 2 25
8627 2 17
8628 3 10
8629 12 10
8630 1 17
8631 62 20
8632 14 19
8633 1 9
8634 1 19
8635 11 20
8636 145 2
8637 11 8
8638 448 9
8639 4 19
8640 1 23
8641 4 23
8642 512 3
8643 213 1
8644 116 7
8645 4 18
8646 4 23
8647 1 14
8648 390 8
8649 1 17
8650 2 15
8651 2 18
8652 63 9
8653 4 17
8654 1 9
8655 1 11
8656 1 12
8657 6 8
8658 1 5
8659 3 17
8660 2 1
8661 4 12
8662 402 21
8663 28 13
8664 1 9
8665 2 5
8666 108 21
8667 4 7
8668 1 7
8669 29 1
8670 1 10
8671 2 9
8672 1 15
8673 4 10
8674 1 9
8675 2 14
8676 23 12
8677 450 1
8678 13 21
8679 1 2
8680 1 10
8681 2 5
8682 1 19
8683 21 10
8684 1 5
8685 46 20
8686 1 7
8687 1 9
8688 3 9
8689 2 1
8690 301 14
8691 1 21
8692 3 15
8693 2 19
8694 10 14
8695 4 8
8696 3 2
8697 5 20
8698 2 4
8699 1 11
8700 1 19
8701 30 11
8702 1 4
8703 3 22
8704 48 25
8705 2 19
8706 57 4
8707 11 7
8708 1 8
8709 56 7
8710 1 21
8711 2 11
8712 2 12
8713 224 8
8714 2 1
8715 1 22
8716 43 22
8717 1 16
8718 1 22
8719 1 16
8720 1 5
8721 1 16
8722 17 19
8723 2 9
8724 2 21
8725 1 6
8726 1 11
8727 1 19
8728 21 4
8729 20 22
8730 2 4
8731 1 11
8732 3 8
8733 503 2
8734 4 7
8735 1 2
8736 198 2
8737 202 4
8738 1 6
8739 1 8
8740 488 3
8741 1 5
8742 1 10
8743 1 13
8744 1 14
8745 1 17
8746 1 10
8747 13 23
8748 1 9
8749 8 10
8750 1 21
8751 2 24
8752 8 17
8753 2 4
8754 110 20
8755 22 8
8756 10 20
8757 306 8
8758 302 15
8759 25 6
8760 7 12
8761 1 25
8762 8 6
8763 1 11
8764 8 7
8765 4 4
8766 52 24
8767 2 15
8768 1 19
8769 24 23
8770 408 18
8771 130 6
8772 14 21
8773 2 13
8774 10 11
8775 8 15
8776 1 1
8777 1 9
8778 4 7
8779 1 7
8780 2 24
8781 4 15
8782 1 16
8783 4 5
8784 2 10
8785 1 19
8786 1 7
8787 371 15
8788 3 11
8789 1 25
8790 3 20
8791 1 14
8792 1 4
8793 4 1
8794 2 13
8795 13 17
8796 2 12
8797 4 14
8798 1 9
8799 15 7
8800 1 5
8801 1 10
8802 2 5
8803 12 18
8804 12 13
8805 480 12
8806 2 12
8807 1 21
8808 1 8
8809 1 20
8810 1 24
8811 31 3
8812 3 22
8813 82 14
8814 4 23
8815 1 24
8816 12 22
8817 20 10
8818 476 10
8819 92 23
8820 20 20
8821 219 25
8822 4 1
8823 1 4
8824 3 2
8825 3 4
8826 1 3
8827 88 25
8828 7 13
8829 4 7
8830 1 2
8831 1 3
8832 1 8
8833 337 23
8834 4 20
8835 1 13
8836 1 13
8837 3 2
8838 441 23
8839 2 19
8840 6 3
8841 1 25
8842 2 19
8843 60 25
8844 2 9
8845 254 12
8846 4 4
8847 7 19
8848 1 17
8849 8 2
8850 38 16
8851 1 13
8852 268 19
8853 14 4
8854 1 11
8855 2 13
8856 16 14
8857 2 16
8858 2 11
8859 1 15
8860 22 11
8861 12 7
8862 97 12
8863 1 9
8864 1 1
8865 22 5
8866 3 3
8867 349 15
8868 26 3
8869 6 16
8870 2 2
8871 4 3
8872 18 3
8873 4 25
8874 2 6
8875 6 24
8876 349 8
8877 28 19
8878 1 10
8879 20 23
8880 7 24
8881 133 1
8882 2 14
8883 2 12
8884 213 14
8885 5 18
8886 251 19
8887 27 18
8888 1 24
8889 1 2
8890 8 13
8891 136 15
8892 78 12
8893 481 1
8894 3 16
8895 28 5
8896 108 9
8897 1 20
8898 1 21
8899 1 22
8900 2 7
8901 1 9
8902 1 8
8903 1 19
8904 47 21
8905 177 6
8906 9 2
8907 1 1
8908 1 15
8909 1 8
8910 59 24
8911 4 16
8912 4 9
8913 2 16
8914 21 10
8915 2 10
8916 1 12
8917 2 6
8918 2 11
8919 1 23
8920 2 18
8921 4 13
8922 28 5
8923 1 8
8924 268 20
8925 4 8
8926 124 25
8927 1 21
8928 1 14
8929 1 21
8930 428 15
8931 1 3
8932 2 17
8933 6 2
8934 12 18
8935 1 20
8936 3 3
8937 2 9
8938 1 10
8939 6 24
8940 63 8
8941 89 1
8942 8 13
8943 1 18
8944 4 18
8945 4 18
8946 1 25
8947 109 1
8948 126 8
8949 1 20
8950 1 13
8951 1 5
8952 3 13
8953 22 11
8954 4 19
8955 1 13
8956 2 1
8957 18 23
8958 3 17
8959 45 3
8960 1 23
8961 297 5
8962 1 7
8963 9 6
8964 5 17
8965 14 3
8966 6 25
8967 1 14
8968 2 14
8969 3 22
8970 6 21
8971 10 17
8972 2 14
8973 1 16
8974 1 5
8975 16 1
8976 2 10
8977 8 1
8978 28 20
8979 5 15
8980 5 4
8981 1 19
8982 43 15
8983 8 8
8984 367 10
8985 424 23
8986 4 10
8987 1 11
8988 6 23
8989 1 21
8990 2 19
8991 2 19
8992 45 11
8993 1 22
8994 3 13
8995 64 20
8996 1 3
8997 84 4
8998 1 23
8999 1 15
9000 133 24
9001 3 21
9002 13 6
9003 1 20
9004 63 1
9005 1 11
9006 1 6
9007 1 24
9008 1 17
9009 16 24
9010 82 14
9011 6 6
9012 1 4
9013 2 14
9014 1 24
9015 123 21
9016 1 15
9017 1 10
9018 113 15
9019 2 17
9020 3 3
9021 1 2
9022 6 20
9023 28 18
9024 96 2
9025 1 11
9026 2 14
9027 23 13
9028 1 19
9029 1 9
9030 1 10
9031 1 9
9032 20 15
9033 1 14
9034 16 15
9035 21 15
9036 4 25
9037 2 23
9038 3 12
9039 89 15
9040 165 18
9041 6 9
9042 1 2
9043 4 11
9044 8 15
9045 149 9
9046 3 16
9047 1 4
9048 1 20
9049 248 12
9050 67 16
9051 7 11
9052 2 14
9053 16 22
9054 1 5
9055 1 23
9056 2 3
9057 1 13
9058 1 5
9059 5 19
9060 3 5
9061 2 15
9062 6 6
9063 1 3
9064 1 10
9065 7 12
9066 2 6
9067 1 18
9068 206 6
9069 395 5
9070 8 8
9071 79 18
9072 9 25
9073 1 21
9074 333 6
9075 7 9
9076 21 25
9077 1 22
9078 30 18
9079 5 17
9080 185 6
9081 5 5
9082 9 22
9083 1 1
9084 30 9
9085 5 5
9086 7 15
9087 55 8
9088 1 10
9089 4 5
9090 9 3
9091 15 8
9092 48 12
9093 10 16
9094 12 16
9095 7 19
9096 7 8
9097 1 14
9098 1 7
9099 12 17
9100 71 14
9101 3 8
9102 2 11
9103 2 12
9104 3 15
9105 2 4
9106 1 20
9107 43 25
9108 1 20
9109 118 5
9110 1 11
9111 1 4
9112 178 24
9113 8 1
9114 1 3
9115 454 17
9116 6 5
9117 1 16
9118 8 23
9119 2 17
9120 78 14
9121 12 21
9122 2 18
9123 3 14
9124 8 1
9125 4 11
9126 1 19
9127 22 22
9128 4 20
9129 299 14
9130 2 12
9131 1 11
9132 2 20
9133 2 2
9134 59 6
9135 13 13
9136 1 24
9137 6 11
9138 2 19
9139 48 8
9140 6 8
9141 1 13
9142 15 23
9143 1 25
9144 8 12
9145 7 24
9146 1 3
9147 1 23
9148 1 9
9149 14 11
9150 1 21
9151 18 17
9152 2 6
9153 2 16
9154 8 3
9155 10 17
9156 3 4
9157 16 8
9158 8 15
9159 7 1
9160 1 4
9161 16 4
9162 174 20
9163 3 6
9164 5 3
9165 1 12
9166 1 1
9167 1 5
9168 3 7
9169 1 11
9170 1 17
9171 239 16
9172 1 21
9173 1 19
9174 1 11
9175 6 20
9176 15 14
9177 2 21
9178 1 16
9179 1 16
9180 7 23
9181 2 7
9182 146 9
9183 423 5
9184 4 14
9185 1 23
9186 1 7
9187 1 3
9188 1 22
9189 1 2
9190 2 14
9191 4 12
9192 467 16
9193 3 16
9194 1 20
9195 16 11
9196 312 1
9197 1 2
9198 386 3
9199 509 17
9200 1 10
9201 64 19
9202 4 6
9203 24 20
9204 325 7
9205 1 24
9206 1 7
9207 49 5
9208 3 13
9209 2 18
9210 2 16
9211 104 15
9212 407 20
9213 3 2
9214 11 10
9215 5 8
9216 2 24
9217 233 15
9218 27 5
9219 25 8
9220 1 9
9221 49 23
9222 1 19
9223 52 12
9224 7 9
9225 137 22
9226 26 12
9227 1 3
9228 12 2
9229 1 19
9230 88 14
9231 1 16
9232 2 25
9233 57 5
9234 15 4
9235 25 13
9236 14 9
9237 1 19
9238 1 13
9239 20 15
9240 1 22
9241 1 19
9242 3 13
9243 1 12
9244 1 10
9245 3 3
9246 31 22
9247 2 21
9248 2 9
9249 479 24
9250 1 18
9251 11 20
9252 2 23
9253 167 12
9254 6 10
9255 1 13
9256 8 12
9257 9 16
9258 80 17
9259 2 17
9260 289 19
9261 12 19
9262 1 2
9263 1 9
9264 1 15
9265 22 12
9266 439 22
9267 241 11
9268 1 19
9269 4 14
9270 1 3
9271 5 6
9272 15 15
9273 72 22
9274 4 16
9275 1 2
9276 1 12
9277 1 12
9278 40 19
9279 1 1
9280 1 21
9281 5 11
9282 2 4
9283 4 14
9284 29 6
9285 3 7
9286 8 15
9287 1 6
9288 1 6
9289 3 6
9290 2 19
9291 1 18
9292 28 19
9293 243 12
9294 1 15
9295 119 8
9296 8 22
9297 2 19
9298 3 14
9299 4 2
9300 1 9
9301 117 14
9302 3 24
9303 247 1
9304 3 17
9305 4 8
9306 1 20
9307 279 3
9308 4 20
9309 1 25
9310 8 20
9311 2 23
9312 290 5
9313 5 5
9314 2 15
9315 42 23
9316 250 23
9317 279 22
9318 7 4
9319 1 3
9320 60 6
9321 113 22
9322 4 15
9323 18 23
9324 85 18
9325 20 13
9326 12 4
9327 38 3
9328 2 2
9329 2 22
9330 1 10
9331 7 2
9332 1 12
9333 38 14
9334 1 8
9335 1 5
9336 2 21
9337 17 20
9338 117 1
9339 5 6
9340 2 12
9341 12 18
9342 1 6
9343 19 17
9344 7 2
9345 1 17
9346 63 11
9347 12 6
9348 1 24
9349 7 1
9350 1 2
9351 290 2
9352 340 1
9353 4 18
9354 8 24
9355 72 25
9356 34 6
9357 2 16
9358 94 10
9359 20 20
9360 58 8
9361 14 3
9362 405 24
9363 1 11
9364 1 8
9365 28 10
9366 3 13
9367 1 23
9368 1 4
9369 2 21
9370 1 16
9371 2 2
9372 15 18
9373 10 17
9374 393 11
9375 16 2
9376 1 18
9377 28 8
9378 3 25
9379 1 5
9380 132 7
9381 2 20
9382 2 16
9383 8 14
9384 3 10
9385 2 25
9386 224 9
9387 1 11
9388 27 14
9389 5 16
9390 6 12
9391 3 9
9392 24 3
9393 56 6
9394 454 10
9395 1 25
9396 64 24
9397 1 5
9398 7 25
9399 41 9
9400 23 24
9401 3 14
9402 1 6
9403 14 10
9404 12 18
9405 1 8
9406 176 19
9407 102 5
9408 1 10
9409 7 1
9410 1 4
9411 1 10
9412 1 25
9413 359 11
9414 1 5
9415 1 22
9416 2 18
9417 429 12
9418 10 25
9419 11 25
9420 1 22
9421 23 6
9422 1 19
9423 126 13
9424 2 9
9425 1 23
9426 1 10
9427 15 1
9428 1 3
9429 1 10
9430 1 19
9431 3 24
9432 1 8
9433 1 20
9434 1 15
9435 1 2
9436 1 17
9437 10 14
9438 20 4
9439 2 5
9440 1 4
9441 145 7
9442 5 8
9443 6 24
9444 255 24
9445 172 24
9446 7 2
9447 18 18
9448 4 16
9449 1 5
9450 1 10
9451 112 20
9452 1 20
9453 2 22
9454 7 10
9455 79 16
9456 4 12
9457 2 9
9458 1 14
9459 1 2
9460 1 23
9461 1 22
9462 2 16
9463 1 20
9464 2 25
9465 54 6
9466 11 21
9467 3 18
9468 1 20
9469 7 8
9470 2 15
9471 2 14
9472 1 9
9473 1 9
9474 96 6
9475 293 21
9476 3 24
9477 485 25
9478 7 25
9479 2 5
9480 4 24
9481 1 11
9482 4 24
9483 3 18
9484 4 19
9485 10 19
9486 1 16
9487 4 3
9488 10 9
9489 341 3
9490 66 16
9491 12 5
9492 1 25
9493 59 15
9494 1 10
9495 3 10
9496 22 8
9497 1 7
9498 4 22
9499 1 15
9500 1 16
9501 4 9
9502 2 22
9503 2 6
9504 1 10
9505 15 5
9506 2 10
9507 5 25
9508 33 19
9509 360 6
9510 2 15
9511 1 24
9512 1 18
9513 1 20
9514 50 23
9515 1 18
9516 1 10
9517 1 24
9518 1 9
9519 1 23
9520 3 17
9521 1 4
9522 1 6
9523 21 14
9524 226 5
9525 30 4
9526 1 10
9527 1 5
9528 63 1
9529 1 15
9530 3 8
9531 1 1
9532 1 13
9533 56 19
9534 2 25
9535 1 5
9536 1 12
9537 3 5
9538 2 7
9539 102 21
9540 3 6
9541 320 7
9542 1 9
9543 214 11
9544 2 20
9545 5 24
9546 11 14
9547 42 3
9548 1 1
9549 12 7
9550 15 7
9551 1 18
9552 77 6
9553 1 21
9554 4 19
9555 2 13
9556 23 20
9557 1 13
9558 3 15
9559 216 24
9560 1 2
9561 1 11
9562 1 9
9563 1 5
9564 22 12
9565 4 16
9566 1 20
9567 389 1
9568 1 15
9569 370 6
9570 7 25
9571 15 13
9572 1 15
9573 2 15
9574 1 18
9575 60 15
9576 32 17
9577 4 5
9578 452 22
9579 1 20
9580 164 20
9581 35 24
9582 394 21
9583 6 18
9584 48 15
9585 6 6
9586 1 4
9587 96 18
9588 1 2
9589 4 7
9590 1 23
9591 7 14
9592 23 3
9593 1 3
9594 1 14
9595 3 15
9596 2 21
9597 269 18
9598 2 12
9599 1 5
9600 21 11
9601 1 18
9602 14 22
9603 2 24
9604 4 18
9605 2 21
9606 26 11
9607 2 21
9608 6 3
9609 2 19
9610 1 13
9611 7 10
9612 121 3
9613 435 1
9614 1 15
9615 2 20
9616 293 8
9617 1 15
9618 28 18
9619 4 5
9620 18 9
9621 337 18
9622 1 10
9623 1 20
9624 61 24
9625 14 16
9626 21 6
9627 16 16
9628 179 19
9629 1 2
9630 4 15
9631 13 25
9632 5 4
9633 48 3
9634 1 25
9635 2 21
9636 237 7
9637 1 12
9638 1 5
9639 1 15
9640 24 4
9641 24 19
9642 5 18
9643 1 7
9644 2 4
9645 28 18
9646 25 23
9647 4 12
9648 2 25
9649 1 22
9650 1 16
9651 14 23
9652 183 16
9653 1 9
9654 2 18
9655 1 11
9656 11 4
9657 2 1
9658 1 15
9659 1 8
9660 64 25
9661 313 19
9662 7 9
9663 256 8
9664 17 16
9665 2 24
9666 1 18
9667 1 11
9668 343 24
9669 1 16
9670 74 10
9671 1 18
9672 1 10
9673 2 22
9674 22 9
9675 1 20
9676 1 22
9677 98 13
9678 24 3
9679 2 6
9680 2 22
9681 1 12
9682 1 1
9683 1 17
9684 4 12
9685 1 7
9686 1 20
9687 1 7
9688 2 11
9689 427 7
9690 3 12
9691 38 3
9692 1 15
9693 1 15
9694 1 15
9695 2 4
9696 1 6
9697 4 13
9698 2 5
9699 7 12
9700 2 23
9701 52 16
9702 1 8
9703 9 9
9704 4 19
9705 128 20
9706 183 1
9707 20 9
9708 3 18
9709 1 25
9710 2 3
9711 22 13
9712 13 10
9713 1 15
9714 2 9
9715 4 3
9716 1 15
9717 9 24
9718 13 11
9719 1 17
9720 1 21
9721 108 19
9722 24 25
9723 3 17
9724 1 12
9725 1 11
9726 2 5
9727 2 2
9728 39 10
9729 207 21
9730 15 15
9731 1 19
9732 2 1
9733 1 6
9734 1 24
9735 1 6
9736 7 4
9737 1 6
9738 1 12
9739 1 2
9740 8 11
9741 2 16
9742 32 19
9743 1 23
9744 20 16
9745 1 2
9746 3 17
9747 2 22
9748 1 10
9749 3 22
9750 196 1
9751 1 17
9752 1 8
9753 1 15
9754 233 23
9755 2 7
9756 1 16
9757 2 7
9758 14 17
9759 2 15
9760 6 11
9761 13 9
9762 1 1
9763 2 24
9764 33 7
9765 284 8
9766 397 12
9767 3 1
9768 2 3
9769 4 23
9770 56 23
9771 4 19
9772 5 4
9773 1 6
9774 1 20
9775 30 4
9776 8 11
9777 4 3
9778 237 9
9779 2 14
9780 1 2
9781 2 10
9782 1 18
9783 1 9
9784 1 4
9785 7 18
9786 1 22
9787 1 7
9788 5 16
9789 1 19
9790 1 18
9791 1 15
9792 2 6
9793 1 19
9794 1 13
9795 2 1
9796 1 6
9797 1 23
9798 7 11
9799 2 13
9800 16 14
9801 1 16
9802 1 5
9803 506 19
9804 1 12
9805 1 3
9806 3 21
9807 1 4
9808 1 11
9809 7 17
9810 5 5
9811 156 4
9812 3 22
9813 1 4
9814 18 21
9815 3 24
9816 446 4
9817 247 23
9818 2 7
9819 5 1
9820 1 4
9821 4 15
9822 2 16
9823 1 25
9824 4 2
9825 2 25
9826 26 25
9827 1 15
9828 1 2
9829 2 14
9830 6 16
9831 13 20
9832 2 24
9833 6 17
9834 1 20
9835 4 10
9836 2 4
9837 6 20
9838 29 22
9839 1 11
9840 2 19
9841 2 22
9842 2 16
9843 153 6
9844 394 23
9845 2 18
9846 1 7
9847 51 2
9848 2 7
9849 8 25
9850 2 16
9851 317 11
9852 46 10
9853 14 7
9854 2 20
9855 1 11
9856 10 4
9857 1 7
9858 3 17
9859 1 13
9860 1 7
9861 1 20
9862 36 24
9863 4 24
9864 10 1
9865 2 8
9866 9 2
9867 1 17
9868 9 4
9869 2 14
9870 12 22
9871 28 1
9872 6 12
9873 1 18
9874 1 23
9875 2 9
9876 1 6
9877 314 16
9878 447 3
9879 1 6
9880 58 4
9881 2 25
9882 1 25
9883 28 17
9884 370 17
9885 8 3
9886 17 12
9887 285 13
9888 6 15
9889 1 20
9890 1 19
9891 6 18
9892 4 10
9893 6 21
9894 11 23
9895 2 20
9896 5 12
9897 2 24
9898 106 13
9899 5 16
9900 176 4
9901 1 15
9902 2 12
9903 4 8
9904 5 22
9905 228 17
9906 4 22
9907 1 8
9908 61 5
9909 16 17
9910 297 22
9911 450 16
9912 11 1
9913 2 16
9914 87 8
9915 1 13
9916 1 12
9917 2 18
9918 6 14
9919 38 12
9920 1 16
9921 2 7
9922 2 6
9923 8 18
9924 1 25
9925 1 9
9926 2 22
9927 11 24
9928 7 1
9929 2 6
9930 3 15
9931 3 22
9932 1 8
9933 1 22
9934 25 8
9935 1 20
9936 1 20
9937 1 25
9938 1 11
9939 22 4
9940 21 1
9941 2 12
9942 49 10
9943 333 25
9944 7 8
9945 1 8
9946 1 13
9947 3 4
9948 2 16
9949 8 21
9950 2 23
9951 1 12
9952 6 15
9953 2 4
9954 1 12
9955 77 25
9956 38 8
9957 4 19
9958 30 8
9959 20 3
9960 24 19
9961 15 19
9962 2 25
9963 8 9
9964 3 23
9965 2 19
9966 1 8
9967 1 3
9968 108 12
9969 1 8
9970 4 15
9971 1 12
9972 2 9
9973 1 14
9974 1 4
9975 8 20
9976 1 2
9977 6 14
9978 1 21
9979 1 3
9980 501 10
9981 33 2
9982 43 20
9983 4 7
9984 32 11
9985 4 16
9986 92 22
9987 1 3
9988 6 25
9989 49 9
9990 1 2
9991 1 10
9992 215 11
9993 1 10
9994 4 5
9995 2 8
9996 2 18
9997 1 12
9998 1 22
9999 2 7
-1 -1 -1 